location,age_group,forecast_date,target_end_date,target,type,quantile,value,pathogen
DE,00+,2022-04-06,2022-03-09,-28 day ahead inc hosp,quantile,0.025,9712,COVID-19
DE,00-04,2022-04-06,2022-03-09,-28 day ahead inc hosp,quantile,0.025,383,COVID-19
DE,05-14,2022-04-06,2022-03-09,-28 day ahead inc hosp,quantile,0.025,261,COVID-19
DE,15-34,2022-04-06,2022-03-09,-28 day ahead inc hosp,quantile,0.025,1179,COVID-19
DE,35-59,2022-04-06,2022-03-09,-28 day ahead inc hosp,quantile,0.025,1726.975,COVID-19
DE,60-79,2022-04-06,2022-03-09,-28 day ahead inc hosp,quantile,0.025,2815,COVID-19
DE,80+,2022-04-06,2022-03-09,-28 day ahead inc hosp,quantile,0.025,3310,COVID-19
DE,00+,2022-04-06,2022-03-10,-27 day ahead inc hosp,quantile,0.025,9913.975,COVID-19
DE,00-04,2022-04-06,2022-03-10,-27 day ahead inc hosp,quantile,0.025,374,COVID-19
DE,05-14,2022-04-06,2022-03-10,-27 day ahead inc hosp,quantile,0.025,268,COVID-19
DE,15-34,2022-04-06,2022-03-10,-27 day ahead inc hosp,quantile,0.025,1177,COVID-19
DE,35-59,2022-04-06,2022-03-10,-27 day ahead inc hosp,quantile,0.025,1753.975,COVID-19
DE,60-79,2022-04-06,2022-03-10,-27 day ahead inc hosp,quantile,0.025,2895,COVID-19
DE,80+,2022-04-06,2022-03-10,-27 day ahead inc hosp,quantile,0.025,3408,COVID-19
DE,00+,2022-04-06,2022-03-11,-26 day ahead inc hosp,quantile,0.025,10174,COVID-19
DE,00-04,2022-04-06,2022-03-11,-26 day ahead inc hosp,quantile,0.025,389,COVID-19
DE,05-14,2022-04-06,2022-03-11,-26 day ahead inc hosp,quantile,0.025,262,COVID-19
DE,15-34,2022-04-06,2022-03-11,-26 day ahead inc hosp,quantile,0.025,1206,COVID-19
DE,35-59,2022-04-06,2022-03-11,-26 day ahead inc hosp,quantile,0.025,1804,COVID-19
DE,60-79,2022-04-06,2022-03-11,-26 day ahead inc hosp,quantile,0.025,2928,COVID-19
DE,80+,2022-04-06,2022-03-11,-26 day ahead inc hosp,quantile,0.025,3539,COVID-19
DE,00+,2022-04-06,2022-03-12,-25 day ahead inc hosp,quantile,0.025,10423,COVID-19
DE,00-04,2022-04-06,2022-03-12,-25 day ahead inc hosp,quantile,0.025,412,COVID-19
DE,05-14,2022-04-06,2022-03-12,-25 day ahead inc hosp,quantile,0.025,263,COVID-19
DE,15-34,2022-04-06,2022-03-12,-25 day ahead inc hosp,quantile,0.025,1202,COVID-19
DE,35-59,2022-04-06,2022-03-12,-25 day ahead inc hosp,quantile,0.025,1803,COVID-19
DE,60-79,2022-04-06,2022-03-12,-25 day ahead inc hosp,quantile,0.025,3007,COVID-19
DE,80+,2022-04-06,2022-03-12,-25 day ahead inc hosp,quantile,0.025,3687,COVID-19
DE,00+,2022-04-06,2022-03-13,-24 day ahead inc hosp,quantile,0.025,10573,COVID-19
DE,00-04,2022-04-06,2022-03-13,-24 day ahead inc hosp,quantile,0.025,441,COVID-19
DE,05-14,2022-04-06,2022-03-13,-24 day ahead inc hosp,quantile,0.025,271,COVID-19
DE,15-34,2022-04-06,2022-03-13,-24 day ahead inc hosp,quantile,0.025,1221,COVID-19
DE,35-59,2022-04-06,2022-03-13,-24 day ahead inc hosp,quantile,0.025,1802.975,COVID-19
DE,60-79,2022-04-06,2022-03-13,-24 day ahead inc hosp,quantile,0.025,3053,COVID-19
DE,80+,2022-04-06,2022-03-13,-24 day ahead inc hosp,quantile,0.025,3736,COVID-19
DE,00+,2022-04-06,2022-03-14,-23 day ahead inc hosp,quantile,0.025,10671,COVID-19
DE,00-04,2022-04-06,2022-03-14,-23 day ahead inc hosp,quantile,0.025,436,COVID-19
DE,05-14,2022-04-06,2022-03-14,-23 day ahead inc hosp,quantile,0.025,265,COVID-19
DE,15-34,2022-04-06,2022-03-14,-23 day ahead inc hosp,quantile,0.025,1228,COVID-19
DE,35-59,2022-04-06,2022-03-14,-23 day ahead inc hosp,quantile,0.025,1805,COVID-19
DE,60-79,2022-04-06,2022-03-14,-23 day ahead inc hosp,quantile,0.025,3095,COVID-19
DE,80+,2022-04-06,2022-03-14,-23 day ahead inc hosp,quantile,0.025,3799,COVID-19
DE,00+,2022-04-06,2022-03-15,-22 day ahead inc hosp,quantile,0.025,11098,COVID-19
DE,00-04,2022-04-06,2022-03-15,-22 day ahead inc hosp,quantile,0.025,466,COVID-19
DE,05-14,2022-04-06,2022-03-15,-22 day ahead inc hosp,quantile,0.025,274,COVID-19
DE,15-34,2022-04-06,2022-03-15,-22 day ahead inc hosp,quantile,0.025,1262,COVID-19
DE,35-59,2022-04-06,2022-03-15,-22 day ahead inc hosp,quantile,0.025,1897,COVID-19
DE,60-79,2022-04-06,2022-03-15,-22 day ahead inc hosp,quantile,0.025,3249,COVID-19
DE,80+,2022-04-06,2022-03-15,-22 day ahead inc hosp,quantile,0.025,3915,COVID-19
DE,00+,2022-04-06,2022-03-16,-21 day ahead inc hosp,quantile,0.025,11311.975,COVID-19
DE,00-04,2022-04-06,2022-03-16,-21 day ahead inc hosp,quantile,0.025,474,COVID-19
DE,05-14,2022-04-06,2022-03-16,-21 day ahead inc hosp,quantile,0.025,296,COVID-19
DE,15-34,2022-04-06,2022-03-16,-21 day ahead inc hosp,quantile,0.025,1251.975,COVID-19
DE,35-59,2022-04-06,2022-03-16,-21 day ahead inc hosp,quantile,0.025,1924,COVID-19
DE,60-79,2022-04-06,2022-03-16,-21 day ahead inc hosp,quantile,0.025,3311,COVID-19
DE,80+,2022-04-06,2022-03-16,-21 day ahead inc hosp,quantile,0.025,4017,COVID-19
DE,00+,2022-04-06,2022-03-17,-20 day ahead inc hosp,quantile,0.025,11555,COVID-19
DE,00-04,2022-04-06,2022-03-17,-20 day ahead inc hosp,quantile,0.025,464,COVID-19
DE,05-14,2022-04-06,2022-03-17,-20 day ahead inc hosp,quantile,0.025,301,COVID-19
DE,15-34,2022-04-06,2022-03-17,-20 day ahead inc hosp,quantile,0.025,1251,COVID-19
DE,35-59,2022-04-06,2022-03-17,-20 day ahead inc hosp,quantile,0.025,1944,COVID-19
DE,60-79,2022-04-06,2022-03-17,-20 day ahead inc hosp,quantile,0.025,3423,COVID-19
DE,80+,2022-04-06,2022-03-17,-20 day ahead inc hosp,quantile,0.025,4122,COVID-19
DE,00+,2022-04-06,2022-03-18,-19 day ahead inc hosp,quantile,0.025,11698.975,COVID-19
DE,00-04,2022-04-06,2022-03-18,-19 day ahead inc hosp,quantile,0.025,472,COVID-19
DE,05-14,2022-04-06,2022-03-18,-19 day ahead inc hosp,quantile,0.025,297,COVID-19
DE,15-34,2022-04-06,2022-03-18,-19 day ahead inc hosp,quantile,0.025,1235,COVID-19
DE,35-59,2022-04-06,2022-03-18,-19 day ahead inc hosp,quantile,0.025,1917,COVID-19
DE,60-79,2022-04-06,2022-03-18,-19 day ahead inc hosp,quantile,0.025,3557,COVID-19
DE,80+,2022-04-06,2022-03-18,-19 day ahead inc hosp,quantile,0.025,4166,COVID-19
DE,00+,2022-04-06,2022-03-19,-18 day ahead inc hosp,quantile,0.025,11775.975,COVID-19
DE,00-04,2022-04-06,2022-03-19,-18 day ahead inc hosp,quantile,0.025,466,COVID-19
DE,05-14,2022-04-06,2022-03-19,-18 day ahead inc hosp,quantile,0.025,300,COVID-19
DE,15-34,2022-04-06,2022-03-19,-18 day ahead inc hosp,quantile,0.025,1220,COVID-19
DE,35-59,2022-04-06,2022-03-19,-18 day ahead inc hosp,quantile,0.025,1949,COVID-19
DE,60-79,2022-04-06,2022-03-19,-18 day ahead inc hosp,quantile,0.025,3565.975,COVID-19
DE,80+,2022-04-06,2022-03-19,-18 day ahead inc hosp,quantile,0.025,4219,COVID-19
DE,00+,2022-04-06,2022-03-20,-17 day ahead inc hosp,quantile,0.025,11698,COVID-19
DE,00-04,2022-04-06,2022-03-20,-17 day ahead inc hosp,quantile,0.025,451.975,COVID-19
DE,05-14,2022-04-06,2022-03-20,-17 day ahead inc hosp,quantile,0.025,301,COVID-19
DE,15-34,2022-04-06,2022-03-20,-17 day ahead inc hosp,quantile,0.025,1164,COVID-19
DE,35-59,2022-04-06,2022-03-20,-17 day ahead inc hosp,quantile,0.025,1932,COVID-19
DE,60-79,2022-04-06,2022-03-20,-17 day ahead inc hosp,quantile,0.025,3591,COVID-19
DE,80+,2022-04-06,2022-03-20,-17 day ahead inc hosp,quantile,0.025,4233.975,COVID-19
DE,00+,2022-04-06,2022-03-21,-16 day ahead inc hosp,quantile,0.025,11672,COVID-19
DE,00-04,2022-04-06,2022-03-21,-16 day ahead inc hosp,quantile,0.025,454,COVID-19
DE,05-14,2022-04-06,2022-03-21,-16 day ahead inc hosp,quantile,0.025,309,COVID-19
DE,15-34,2022-04-06,2022-03-21,-16 day ahead inc hosp,quantile,0.025,1151,COVID-19
DE,35-59,2022-04-06,2022-03-21,-16 day ahead inc hosp,quantile,0.025,1936.975,COVID-19
DE,60-79,2022-04-06,2022-03-21,-16 day ahead inc hosp,quantile,0.025,3591,COVID-19
DE,80+,2022-04-06,2022-03-21,-16 day ahead inc hosp,quantile,0.025,4210,COVID-19
DE,00+,2022-04-06,2022-03-22,-15 day ahead inc hosp,quantile,0.025,11640.975,COVID-19
DE,00-04,2022-04-06,2022-03-22,-15 day ahead inc hosp,quantile,0.025,430,COVID-19
DE,05-14,2022-04-06,2022-03-22,-15 day ahead inc hosp,quantile,0.025,285,COVID-19
DE,15-34,2022-04-06,2022-03-22,-15 day ahead inc hosp,quantile,0.025,1118.975,COVID-19
DE,35-59,2022-04-06,2022-03-22,-15 day ahead inc hosp,quantile,0.025,1912,COVID-19
DE,60-79,2022-04-06,2022-03-22,-15 day ahead inc hosp,quantile,0.025,3580,COVID-19
DE,80+,2022-04-06,2022-03-22,-15 day ahead inc hosp,quantile,0.025,4254.975,COVID-19
DE,00+,2022-04-06,2022-03-23,-14 day ahead inc hosp,quantile,0.025,11726,COVID-19
DE,00-04,2022-04-06,2022-03-23,-14 day ahead inc hosp,quantile,0.025,423,COVID-19
DE,05-14,2022-04-06,2022-03-23,-14 day ahead inc hosp,quantile,0.025,270,COVID-19
DE,15-34,2022-04-06,2022-03-23,-14 day ahead inc hosp,quantile,0.025,1126.975,COVID-19
DE,35-59,2022-04-06,2022-03-23,-14 day ahead inc hosp,quantile,0.025,1944,COVID-19
DE,60-79,2022-04-06,2022-03-23,-14 day ahead inc hosp,quantile,0.025,3578,COVID-19
DE,80+,2022-04-06,2022-03-23,-14 day ahead inc hosp,quantile,0.025,4321,COVID-19
DE,00+,2022-04-06,2022-03-24,-13 day ahead inc hosp,quantile,0.025,11700.9,COVID-19
DE,00-04,2022-04-06,2022-03-24,-13 day ahead inc hosp,quantile,0.025,431,COVID-19
DE,05-14,2022-04-06,2022-03-24,-13 day ahead inc hosp,quantile,0.025,259,COVID-19
DE,15-34,2022-04-06,2022-03-24,-13 day ahead inc hosp,quantile,0.025,1136,COVID-19
DE,35-59,2022-04-06,2022-03-24,-13 day ahead inc hosp,quantile,0.025,1929.975,COVID-19
DE,60-79,2022-04-06,2022-03-24,-13 day ahead inc hosp,quantile,0.025,3620,COVID-19
DE,80+,2022-04-06,2022-03-24,-13 day ahead inc hosp,quantile,0.025,4257.975,COVID-19
DE,00+,2022-04-06,2022-03-25,-12 day ahead inc hosp,quantile,0.025,11627,COVID-19
DE,00-04,2022-04-06,2022-03-25,-12 day ahead inc hosp,quantile,0.025,438,COVID-19
DE,05-14,2022-04-06,2022-03-25,-12 day ahead inc hosp,quantile,0.025,259,COVID-19
DE,15-34,2022-04-06,2022-03-25,-12 day ahead inc hosp,quantile,0.025,1145,COVID-19
DE,35-59,2022-04-06,2022-03-25,-12 day ahead inc hosp,quantile,0.025,1962,COVID-19
DE,60-79,2022-04-06,2022-03-25,-12 day ahead inc hosp,quantile,0.025,3546,COVID-19
DE,80+,2022-04-06,2022-03-25,-12 day ahead inc hosp,quantile,0.025,4171.975,COVID-19
DE,00+,2022-04-06,2022-03-26,-11 day ahead inc hosp,quantile,0.025,11594.975,COVID-19
DE,00-04,2022-04-06,2022-03-26,-11 day ahead inc hosp,quantile,0.025,438,COVID-19
DE,05-14,2022-04-06,2022-03-26,-11 day ahead inc hosp,quantile,0.025,253,COVID-19
DE,15-34,2022-04-06,2022-03-26,-11 day ahead inc hosp,quantile,0.025,1153,COVID-19
DE,35-59,2022-04-06,2022-03-26,-11 day ahead inc hosp,quantile,0.025,1935,COVID-19
DE,60-79,2022-04-06,2022-03-26,-11 day ahead inc hosp,quantile,0.025,3550,COVID-19
DE,80+,2022-04-06,2022-03-26,-11 day ahead inc hosp,quantile,0.025,4111,COVID-19
DE,00+,2022-04-06,2022-03-27,-10 day ahead inc hosp,quantile,0.025,11557.975,COVID-19
DE,00-04,2022-04-06,2022-03-27,-10 day ahead inc hosp,quantile,0.025,421,COVID-19
DE,05-14,2022-04-06,2022-03-27,-10 day ahead inc hosp,quantile,0.025,243,COVID-19
DE,15-34,2022-04-06,2022-03-27,-10 day ahead inc hosp,quantile,0.025,1178,COVID-19
DE,35-59,2022-04-06,2022-03-27,-10 day ahead inc hosp,quantile,0.025,1929,COVID-19
DE,60-79,2022-04-06,2022-03-27,-10 day ahead inc hosp,quantile,0.025,3531,COVID-19
DE,80+,2022-04-06,2022-03-27,-10 day ahead inc hosp,quantile,0.025,4089.975,COVID-19
DE,00+,2022-04-06,2022-03-28,-9 day ahead inc hosp,quantile,0.025,11503,COVID-19
DE,00-04,2022-04-06,2022-03-28,-9 day ahead inc hosp,quantile,0.025,410,COVID-19
DE,05-14,2022-04-06,2022-03-28,-9 day ahead inc hosp,quantile,0.025,236,COVID-19
DE,15-34,2022-04-06,2022-03-28,-9 day ahead inc hosp,quantile,0.025,1183,COVID-19
DE,35-59,2022-04-06,2022-03-28,-9 day ahead inc hosp,quantile,0.025,1919,COVID-19
DE,60-79,2022-04-06,2022-03-28,-9 day ahead inc hosp,quantile,0.025,3509,COVID-19
DE,80+,2022-04-06,2022-03-28,-9 day ahead inc hosp,quantile,0.025,4079,COVID-19
DE,00+,2022-04-06,2022-03-29,-8 day ahead inc hosp,quantile,0.025,11378,COVID-19
DE,00-04,2022-04-06,2022-03-29,-8 day ahead inc hosp,quantile,0.025,410,COVID-19
DE,05-14,2022-04-06,2022-03-29,-8 day ahead inc hosp,quantile,0.025,236,COVID-19
DE,15-34,2022-04-06,2022-03-29,-8 day ahead inc hosp,quantile,0.025,1169,COVID-19
DE,35-59,2022-04-06,2022-03-29,-8 day ahead inc hosp,quantile,0.025,1904.975,COVID-19
DE,60-79,2022-04-06,2022-03-29,-8 day ahead inc hosp,quantile,0.025,3461.975,COVID-19
DE,80+,2022-04-06,2022-03-29,-8 day ahead inc hosp,quantile,0.025,4035,COVID-19
DE,00+,2022-04-06,2022-03-30,-7 day ahead inc hosp,quantile,0.025,11068,COVID-19
DE,00-04,2022-04-06,2022-03-30,-7 day ahead inc hosp,quantile,0.025,409,COVID-19
DE,05-14,2022-04-06,2022-03-30,-7 day ahead inc hosp,quantile,0.025,234,COVID-19
DE,15-34,2022-04-06,2022-03-30,-7 day ahead inc hosp,quantile,0.025,1123,COVID-19
DE,35-59,2022-04-06,2022-03-30,-7 day ahead inc hosp,quantile,0.025,1824.975,COVID-19
DE,60-79,2022-04-06,2022-03-30,-7 day ahead inc hosp,quantile,0.025,3399,COVID-19
DE,80+,2022-04-06,2022-03-30,-7 day ahead inc hosp,quantile,0.025,3907.975,COVID-19
DE,00+,2022-04-06,2022-03-31,-6 day ahead inc hosp,quantile,0.025,10701.95,COVID-19
DE,00-04,2022-04-06,2022-03-31,-6 day ahead inc hosp,quantile,0.025,399,COVID-19
DE,05-14,2022-04-06,2022-03-31,-6 day ahead inc hosp,quantile,0.025,228,COVID-19
DE,15-34,2022-04-06,2022-03-31,-6 day ahead inc hosp,quantile,0.025,1088.975,COVID-19
DE,35-59,2022-04-06,2022-03-31,-6 day ahead inc hosp,quantile,0.025,1779.975,COVID-19
DE,60-79,2022-04-06,2022-03-31,-6 day ahead inc hosp,quantile,0.025,3219.975,COVID-19
DE,80+,2022-04-06,2022-03-31,-6 day ahead inc hosp,quantile,0.025,3812,COVID-19
DE,00+,2022-04-06,2022-04-01,-5 day ahead inc hosp,quantile,0.025,10352.9,COVID-19
DE,00-04,2022-04-06,2022-04-01,-5 day ahead inc hosp,quantile,0.025,394,COVID-19
DE,05-14,2022-04-06,2022-04-01,-5 day ahead inc hosp,quantile,0.025,230,COVID-19
DE,15-34,2022-04-06,2022-04-01,-5 day ahead inc hosp,quantile,0.025,1058,COVID-19
DE,35-59,2022-04-06,2022-04-01,-5 day ahead inc hosp,quantile,0.025,1707,COVID-19
DE,60-79,2022-04-06,2022-04-01,-5 day ahead inc hosp,quantile,0.025,3145.975,COVID-19
DE,80+,2022-04-06,2022-04-01,-5 day ahead inc hosp,quantile,0.025,3710.975,COVID-19
DE,00+,2022-04-06,2022-04-02,-4 day ahead inc hosp,quantile,0.025,9910.95,COVID-19
DE,00-04,2022-04-06,2022-04-02,-4 day ahead inc hosp,quantile,0.025,385,COVID-19
DE,05-14,2022-04-06,2022-04-02,-4 day ahead inc hosp,quantile,0.025,229,COVID-19
DE,15-34,2022-04-06,2022-04-02,-4 day ahead inc hosp,quantile,0.025,1024,COVID-19
DE,35-59,2022-04-06,2022-04-02,-4 day ahead inc hosp,quantile,0.025,1669,COVID-19
DE,60-79,2022-04-06,2022-04-02,-4 day ahead inc hosp,quantile,0.025,3072.975,COVID-19
DE,80+,2022-04-06,2022-04-02,-4 day ahead inc hosp,quantile,0.025,3609.975,COVID-19
DE,00+,2022-04-06,2022-04-03,-3 day ahead inc hosp,quantile,0.025,9909,COVID-19
DE,00-04,2022-04-06,2022-04-03,-3 day ahead inc hosp,quantile,0.025,402,COVID-19
DE,05-14,2022-04-06,2022-04-03,-3 day ahead inc hosp,quantile,0.025,230,COVID-19
DE,15-34,2022-04-06,2022-04-03,-3 day ahead inc hosp,quantile,0.025,1037,COVID-19
DE,35-59,2022-04-06,2022-04-03,-3 day ahead inc hosp,quantile,0.025,1713.975,COVID-19
DE,60-79,2022-04-06,2022-04-03,-3 day ahead inc hosp,quantile,0.025,3071.975,COVID-19
DE,80+,2022-04-06,2022-04-03,-3 day ahead inc hosp,quantile,0.025,3617.95,COVID-19
DE,00+,2022-04-06,2022-04-04,-2 day ahead inc hosp,quantile,0.025,10024.95,COVID-19
DE,00-04,2022-04-06,2022-04-04,-2 day ahead inc hosp,quantile,0.025,411,COVID-19
DE,05-14,2022-04-06,2022-04-04,-2 day ahead inc hosp,quantile,0.025,234,COVID-19
DE,15-34,2022-04-06,2022-04-04,-2 day ahead inc hosp,quantile,0.025,1020.975,COVID-19
DE,35-59,2022-04-06,2022-04-04,-2 day ahead inc hosp,quantile,0.025,1719,COVID-19
DE,60-79,2022-04-06,2022-04-04,-2 day ahead inc hosp,quantile,0.025,3103.975,COVID-19
DE,80+,2022-04-06,2022-04-04,-2 day ahead inc hosp,quantile,0.025,3605.975,COVID-19
DE,00+,2022-04-06,2022-04-05,-1 day ahead inc hosp,quantile,0.025,9997.975,COVID-19
DE,00-04,2022-04-06,2022-04-05,-1 day ahead inc hosp,quantile,0.025,398,COVID-19
DE,05-14,2022-04-06,2022-04-05,-1 day ahead inc hosp,quantile,0.025,229,COVID-19
DE,15-34,2022-04-06,2022-04-05,-1 day ahead inc hosp,quantile,0.025,969,COVID-19
DE,35-59,2022-04-06,2022-04-05,-1 day ahead inc hosp,quantile,0.025,1591,COVID-19
DE,60-79,2022-04-06,2022-04-05,-1 day ahead inc hosp,quantile,0.025,2903.95,COVID-19
DE,80+,2022-04-06,2022-04-05,-1 day ahead inc hosp,quantile,0.025,3381.95,COVID-19
DE,00+,2022-04-06,2022-04-06,0 day ahead inc hosp,quantile,0.025,9191.925,COVID-19
DE,00-04,2022-04-06,2022-04-06,0 day ahead inc hosp,quantile,0.025,356.975,COVID-19
DE,05-14,2022-04-06,2022-04-06,0 day ahead inc hosp,quantile,0.025,211,COVID-19
DE,15-34,2022-04-06,2022-04-06,0 day ahead inc hosp,quantile,0.025,878.975,COVID-19
DE,35-59,2022-04-06,2022-04-06,0 day ahead inc hosp,quantile,0.025,1440.975,COVID-19
DE,60-79,2022-04-06,2022-04-06,0 day ahead inc hosp,quantile,0.025,2591,COVID-19
DE,80+,2022-04-06,2022-04-06,0 day ahead inc hosp,quantile,0.025,3003.975,COVID-19
DE,00+,2022-04-06,2022-03-09,-28 day ahead inc hosp,quantile,0.1,9726,COVID-19
DE,00-04,2022-04-06,2022-03-09,-28 day ahead inc hosp,quantile,0.1,385,COVID-19
DE,05-14,2022-04-06,2022-03-09,-28 day ahead inc hosp,quantile,0.1,262,COVID-19
DE,15-34,2022-04-06,2022-03-09,-28 day ahead inc hosp,quantile,0.1,1183,COVID-19
DE,35-59,2022-04-06,2022-03-09,-28 day ahead inc hosp,quantile,0.1,1731,COVID-19
DE,60-79,2022-04-06,2022-03-09,-28 day ahead inc hosp,quantile,0.1,2822,COVID-19
DE,80+,2022-04-06,2022-03-09,-28 day ahead inc hosp,quantile,0.1,3317,COVID-19
DE,00+,2022-04-06,2022-03-10,-27 day ahead inc hosp,quantile,0.1,9930,COVID-19
DE,00-04,2022-04-06,2022-03-10,-27 day ahead inc hosp,quantile,0.1,376,COVID-19
DE,05-14,2022-04-06,2022-03-10,-27 day ahead inc hosp,quantile,0.1,270,COVID-19
DE,15-34,2022-04-06,2022-03-10,-27 day ahead inc hosp,quantile,0.1,1180,COVID-19
DE,35-59,2022-04-06,2022-03-10,-27 day ahead inc hosp,quantile,0.1,1759,COVID-19
DE,60-79,2022-04-06,2022-03-10,-27 day ahead inc hosp,quantile,0.1,2902,COVID-19
DE,80+,2022-04-06,2022-03-10,-27 day ahead inc hosp,quantile,0.1,3415.9,COVID-19
DE,00+,2022-04-06,2022-03-11,-26 day ahead inc hosp,quantile,0.1,10193,COVID-19
DE,00-04,2022-04-06,2022-03-11,-26 day ahead inc hosp,quantile,0.1,391,COVID-19
DE,05-14,2022-04-06,2022-03-11,-26 day ahead inc hosp,quantile,0.1,264,COVID-19
DE,15-34,2022-04-06,2022-03-11,-26 day ahead inc hosp,quantile,0.1,1211,COVID-19
DE,35-59,2022-04-06,2022-03-11,-26 day ahead inc hosp,quantile,0.1,1810,COVID-19
DE,60-79,2022-04-06,2022-03-11,-26 day ahead inc hosp,quantile,0.1,2936,COVID-19
DE,80+,2022-04-06,2022-03-11,-26 day ahead inc hosp,quantile,0.1,3548,COVID-19
DE,00+,2022-04-06,2022-03-12,-25 day ahead inc hosp,quantile,0.1,10444,COVID-19
DE,00-04,2022-04-06,2022-03-12,-25 day ahead inc hosp,quantile,0.1,414,COVID-19
DE,05-14,2022-04-06,2022-03-12,-25 day ahead inc hosp,quantile,0.1,265,COVID-19
DE,15-34,2022-04-06,2022-03-12,-25 day ahead inc hosp,quantile,0.1,1207,COVID-19
DE,35-59,2022-04-06,2022-03-12,-25 day ahead inc hosp,quantile,0.1,1810,COVID-19
DE,60-79,2022-04-06,2022-03-12,-25 day ahead inc hosp,quantile,0.1,3015,COVID-19
DE,80+,2022-04-06,2022-03-12,-25 day ahead inc hosp,quantile,0.1,3696,COVID-19
DE,00+,2022-04-06,2022-03-13,-24 day ahead inc hosp,quantile,0.1,10597,COVID-19
DE,00-04,2022-04-06,2022-03-13,-24 day ahead inc hosp,quantile,0.1,444,COVID-19
DE,05-14,2022-04-06,2022-03-13,-24 day ahead inc hosp,quantile,0.1,274,COVID-19
DE,15-34,2022-04-06,2022-03-13,-24 day ahead inc hosp,quantile,0.1,1226,COVID-19
DE,35-59,2022-04-06,2022-03-13,-24 day ahead inc hosp,quantile,0.1,1810,COVID-19
DE,60-79,2022-04-06,2022-03-13,-24 day ahead inc hosp,quantile,0.1,3062,COVID-19
DE,80+,2022-04-06,2022-03-13,-24 day ahead inc hosp,quantile,0.1,3746,COVID-19
DE,00+,2022-04-06,2022-03-14,-23 day ahead inc hosp,quantile,0.1,10694,COVID-19
DE,00-04,2022-04-06,2022-03-14,-23 day ahead inc hosp,quantile,0.1,439,COVID-19
DE,05-14,2022-04-06,2022-03-14,-23 day ahead inc hosp,quantile,0.1,267,COVID-19
DE,15-34,2022-04-06,2022-03-14,-23 day ahead inc hosp,quantile,0.1,1233,COVID-19
DE,35-59,2022-04-06,2022-03-14,-23 day ahead inc hosp,quantile,0.1,1811,COVID-19
DE,60-79,2022-04-06,2022-03-14,-23 day ahead inc hosp,quantile,0.1,3105,COVID-19
DE,80+,2022-04-06,2022-03-14,-23 day ahead inc hosp,quantile,0.1,3810,COVID-19
DE,00+,2022-04-06,2022-03-15,-22 day ahead inc hosp,quantile,0.1,11125,COVID-19
DE,00-04,2022-04-06,2022-03-15,-22 day ahead inc hosp,quantile,0.1,469,COVID-19
DE,05-14,2022-04-06,2022-03-15,-22 day ahead inc hosp,quantile,0.1,276,COVID-19
DE,15-34,2022-04-06,2022-03-15,-22 day ahead inc hosp,quantile,0.1,1267,COVID-19
DE,35-59,2022-04-06,2022-03-15,-22 day ahead inc hosp,quantile,0.1,1904,COVID-19
DE,60-79,2022-04-06,2022-03-15,-22 day ahead inc hosp,quantile,0.1,3260,COVID-19
DE,80+,2022-04-06,2022-03-15,-22 day ahead inc hosp,quantile,0.1,3927,COVID-19
DE,00+,2022-04-06,2022-03-16,-21 day ahead inc hosp,quantile,0.1,11340,COVID-19
DE,00-04,2022-04-06,2022-03-16,-21 day ahead inc hosp,quantile,0.1,477,COVID-19
DE,05-14,2022-04-06,2022-03-16,-21 day ahead inc hosp,quantile,0.1,299,COVID-19
DE,15-34,2022-04-06,2022-03-16,-21 day ahead inc hosp,quantile,0.1,1258,COVID-19
DE,35-59,2022-04-06,2022-03-16,-21 day ahead inc hosp,quantile,0.1,1932,COVID-19
DE,60-79,2022-04-06,2022-03-16,-21 day ahead inc hosp,quantile,0.1,3323,COVID-19
DE,80+,2022-04-06,2022-03-16,-21 day ahead inc hosp,quantile,0.1,4030,COVID-19
DE,00+,2022-04-06,2022-03-17,-20 day ahead inc hosp,quantile,0.1,11585.9,COVID-19
DE,00-04,2022-04-06,2022-03-17,-20 day ahead inc hosp,quantile,0.1,468,COVID-19
DE,05-14,2022-04-06,2022-03-17,-20 day ahead inc hosp,quantile,0.1,304,COVID-19
DE,15-34,2022-04-06,2022-03-17,-20 day ahead inc hosp,quantile,0.1,1258,COVID-19
DE,35-59,2022-04-06,2022-03-17,-20 day ahead inc hosp,quantile,0.1,1954,COVID-19
DE,60-79,2022-04-06,2022-03-17,-20 day ahead inc hosp,quantile,0.1,3437,COVID-19
DE,80+,2022-04-06,2022-03-17,-20 day ahead inc hosp,quantile,0.1,4138,COVID-19
DE,00+,2022-04-06,2022-03-18,-19 day ahead inc hosp,quantile,0.1,11734.9,COVID-19
DE,00-04,2022-04-06,2022-03-18,-19 day ahead inc hosp,quantile,0.1,475,COVID-19
DE,05-14,2022-04-06,2022-03-18,-19 day ahead inc hosp,quantile,0.1,300,COVID-19
DE,15-34,2022-04-06,2022-03-18,-19 day ahead inc hosp,quantile,0.1,1244,COVID-19
DE,35-59,2022-04-06,2022-03-18,-19 day ahead inc hosp,quantile,0.1,1926,COVID-19
DE,60-79,2022-04-06,2022-03-18,-19 day ahead inc hosp,quantile,0.1,3572,COVID-19
DE,80+,2022-04-06,2022-03-18,-19 day ahead inc hosp,quantile,0.1,4185,COVID-19
DE,00+,2022-04-06,2022-03-19,-18 day ahead inc hosp,quantile,0.1,11815,COVID-19
DE,00-04,2022-04-06,2022-03-19,-18 day ahead inc hosp,quantile,0.1,470,COVID-19
DE,05-14,2022-04-06,2022-03-19,-18 day ahead inc hosp,quantile,0.1,303,COVID-19
DE,15-34,2022-04-06,2022-03-19,-18 day ahead inc hosp,quantile,0.1,1227,COVID-19
DE,35-59,2022-04-06,2022-03-19,-18 day ahead inc hosp,quantile,0.1,1960,COVID-19
DE,60-79,2022-04-06,2022-03-19,-18 day ahead inc hosp,quantile,0.1,3584,COVID-19
DE,80+,2022-04-06,2022-03-19,-18 day ahead inc hosp,quantile,0.1,4239,COVID-19
DE,00+,2022-04-06,2022-03-20,-17 day ahead inc hosp,quantile,0.1,11741,COVID-19
DE,00-04,2022-04-06,2022-03-20,-17 day ahead inc hosp,quantile,0.1,455,COVID-19
DE,05-14,2022-04-06,2022-03-20,-17 day ahead inc hosp,quantile,0.1,305,COVID-19
DE,15-34,2022-04-06,2022-03-20,-17 day ahead inc hosp,quantile,0.1,1173,COVID-19
DE,35-59,2022-04-06,2022-03-20,-17 day ahead inc hosp,quantile,0.1,1945,COVID-19
DE,60-79,2022-04-06,2022-03-20,-17 day ahead inc hosp,quantile,0.1,3614,COVID-19
DE,80+,2022-04-06,2022-03-20,-17 day ahead inc hosp,quantile,0.1,4254,COVID-19
DE,00+,2022-04-06,2022-03-21,-16 day ahead inc hosp,quantile,0.1,11723,COVID-19
DE,00-04,2022-04-06,2022-03-21,-16 day ahead inc hosp,quantile,0.1,459,COVID-19
DE,05-14,2022-04-06,2022-03-21,-16 day ahead inc hosp,quantile,0.1,312,COVID-19
DE,15-34,2022-04-06,2022-03-21,-16 day ahead inc hosp,quantile,0.1,1159,COVID-19
DE,35-59,2022-04-06,2022-03-21,-16 day ahead inc hosp,quantile,0.1,1950,COVID-19
DE,60-79,2022-04-06,2022-03-21,-16 day ahead inc hosp,quantile,0.1,3611,COVID-19
DE,80+,2022-04-06,2022-03-21,-16 day ahead inc hosp,quantile,0.1,4231,COVID-19
DE,00+,2022-04-06,2022-03-22,-15 day ahead inc hosp,quantile,0.1,11697,COVID-19
DE,00-04,2022-04-06,2022-03-22,-15 day ahead inc hosp,quantile,0.1,435,COVID-19
DE,05-14,2022-04-06,2022-03-22,-15 day ahead inc hosp,quantile,0.1,289,COVID-19
DE,15-34,2022-04-06,2022-03-22,-15 day ahead inc hosp,quantile,0.1,1127,COVID-19
DE,35-59,2022-04-06,2022-03-22,-15 day ahead inc hosp,quantile,0.1,1925,COVID-19
DE,60-79,2022-04-06,2022-03-22,-15 day ahead inc hosp,quantile,0.1,3601.9,COVID-19
DE,80+,2022-04-06,2022-03-22,-15 day ahead inc hosp,quantile,0.1,4281,COVID-19
DE,00+,2022-04-06,2022-03-23,-14 day ahead inc hosp,quantile,0.1,11790,COVID-19
DE,00-04,2022-04-06,2022-03-23,-14 day ahead inc hosp,quantile,0.1,428,COVID-19
DE,05-14,2022-04-06,2022-03-23,-14 day ahead inc hosp,quantile,0.1,274,COVID-19
DE,15-34,2022-04-06,2022-03-23,-14 day ahead inc hosp,quantile,0.1,1136,COVID-19
DE,35-59,2022-04-06,2022-03-23,-14 day ahead inc hosp,quantile,0.1,1959,COVID-19
DE,60-79,2022-04-06,2022-03-23,-14 day ahead inc hosp,quantile,0.1,3601,COVID-19
DE,80+,2022-04-06,2022-03-23,-14 day ahead inc hosp,quantile,0.1,4350,COVID-19
DE,00+,2022-04-06,2022-03-24,-13 day ahead inc hosp,quantile,0.1,11767,COVID-19
DE,00-04,2022-04-06,2022-03-24,-13 day ahead inc hosp,quantile,0.1,436.9,COVID-19
DE,05-14,2022-04-06,2022-03-24,-13 day ahead inc hosp,quantile,0.1,263,COVID-19
DE,15-34,2022-04-06,2022-03-24,-13 day ahead inc hosp,quantile,0.1,1146,COVID-19
DE,35-59,2022-04-06,2022-03-24,-13 day ahead inc hosp,quantile,0.1,1946,COVID-19
DE,60-79,2022-04-06,2022-03-24,-13 day ahead inc hosp,quantile,0.1,3647,COVID-19
DE,80+,2022-04-06,2022-03-24,-13 day ahead inc hosp,quantile,0.1,4286,COVID-19
DE,00+,2022-04-06,2022-03-25,-12 day ahead inc hosp,quantile,0.1,11700,COVID-19
DE,00-04,2022-04-06,2022-03-25,-12 day ahead inc hosp,quantile,0.1,444,COVID-19
DE,05-14,2022-04-06,2022-03-25,-12 day ahead inc hosp,quantile,0.1,264,COVID-19
DE,15-34,2022-04-06,2022-03-25,-12 day ahead inc hosp,quantile,0.1,1156,COVID-19
DE,35-59,2022-04-06,2022-03-25,-12 day ahead inc hosp,quantile,0.1,1981,COVID-19
DE,60-79,2022-04-06,2022-03-25,-12 day ahead inc hosp,quantile,0.1,3575,COVID-19
DE,80+,2022-04-06,2022-03-25,-12 day ahead inc hosp,quantile,0.1,4206,COVID-19
DE,00+,2022-04-06,2022-03-26,-11 day ahead inc hosp,quantile,0.1,11679,COVID-19
DE,00-04,2022-04-06,2022-03-26,-11 day ahead inc hosp,quantile,0.1,444,COVID-19
DE,05-14,2022-04-06,2022-03-26,-11 day ahead inc hosp,quantile,0.1,257.9,COVID-19
DE,15-34,2022-04-06,2022-03-26,-11 day ahead inc hosp,quantile,0.1,1166,COVID-19
DE,35-59,2022-04-06,2022-03-26,-11 day ahead inc hosp,quantile,0.1,1957,COVID-19
DE,60-79,2022-04-06,2022-03-26,-11 day ahead inc hosp,quantile,0.1,3580,COVID-19
DE,80+,2022-04-06,2022-03-26,-11 day ahead inc hosp,quantile,0.1,4142,COVID-19
DE,00+,2022-04-06,2022-03-27,-10 day ahead inc hosp,quantile,0.1,11646.9,COVID-19
DE,00-04,2022-04-06,2022-03-27,-10 day ahead inc hosp,quantile,0.1,428,COVID-19
DE,05-14,2022-04-06,2022-03-27,-10 day ahead inc hosp,quantile,0.1,248,COVID-19
DE,15-34,2022-04-06,2022-03-27,-10 day ahead inc hosp,quantile,0.1,1193,COVID-19
DE,35-59,2022-04-06,2022-03-27,-10 day ahead inc hosp,quantile,0.1,1950,COVID-19
DE,60-79,2022-04-06,2022-03-27,-10 day ahead inc hosp,quantile,0.1,3560,COVID-19
DE,80+,2022-04-06,2022-03-27,-10 day ahead inc hosp,quantile,0.1,4122,COVID-19
DE,00+,2022-04-06,2022-03-28,-9 day ahead inc hosp,quantile,0.1,11590.9,COVID-19
DE,00-04,2022-04-06,2022-03-28,-9 day ahead inc hosp,quantile,0.1,416,COVID-19
DE,05-14,2022-04-06,2022-03-28,-9 day ahead inc hosp,quantile,0.1,241,COVID-19
DE,15-34,2022-04-06,2022-03-28,-9 day ahead inc hosp,quantile,0.1,1196,COVID-19
DE,35-59,2022-04-06,2022-03-28,-9 day ahead inc hosp,quantile,0.1,1940,COVID-19
DE,60-79,2022-04-06,2022-03-28,-9 day ahead inc hosp,quantile,0.1,3541.9,COVID-19
DE,80+,2022-04-06,2022-03-28,-9 day ahead inc hosp,quantile,0.1,4116,COVID-19
DE,00+,2022-04-06,2022-03-29,-8 day ahead inc hosp,quantile,0.1,11478,COVID-19
DE,00-04,2022-04-06,2022-03-29,-8 day ahead inc hosp,quantile,0.1,418,COVID-19
DE,05-14,2022-04-06,2022-03-29,-8 day ahead inc hosp,quantile,0.1,241,COVID-19
DE,15-34,2022-04-06,2022-03-29,-8 day ahead inc hosp,quantile,0.1,1182.9,COVID-19
DE,35-59,2022-04-06,2022-03-29,-8 day ahead inc hosp,quantile,0.1,1923,COVID-19
DE,60-79,2022-04-06,2022-03-29,-8 day ahead inc hosp,quantile,0.1,3494,COVID-19
DE,80+,2022-04-06,2022-03-29,-8 day ahead inc hosp,quantile,0.1,4073.9,COVID-19
DE,00+,2022-04-06,2022-03-30,-7 day ahead inc hosp,quantile,0.1,11161.9,COVID-19
DE,00-04,2022-04-06,2022-03-30,-7 day ahead inc hosp,quantile,0.1,415,COVID-19
DE,05-14,2022-04-06,2022-03-30,-7 day ahead inc hosp,quantile,0.1,239,COVID-19
DE,15-34,2022-04-06,2022-03-30,-7 day ahead inc hosp,quantile,0.1,1138,COVID-19
DE,35-59,2022-04-06,2022-03-30,-7 day ahead inc hosp,quantile,0.1,1847,COVID-19
DE,60-79,2022-04-06,2022-03-30,-7 day ahead inc hosp,quantile,0.1,3436,COVID-19
DE,80+,2022-04-06,2022-03-30,-7 day ahead inc hosp,quantile,0.1,3950,COVID-19
DE,00+,2022-04-06,2022-03-31,-6 day ahead inc hosp,quantile,0.1,10811.9,COVID-19
DE,00-04,2022-04-06,2022-03-31,-6 day ahead inc hosp,quantile,0.1,407,COVID-19
DE,05-14,2022-04-06,2022-03-31,-6 day ahead inc hosp,quantile,0.1,233,COVID-19
DE,15-34,2022-04-06,2022-03-31,-6 day ahead inc hosp,quantile,0.1,1106,COVID-19
DE,35-59,2022-04-06,2022-03-31,-6 day ahead inc hosp,quantile,0.1,1806,COVID-19
DE,60-79,2022-04-06,2022-03-31,-6 day ahead inc hosp,quantile,0.1,3261,COVID-19
DE,80+,2022-04-06,2022-03-31,-6 day ahead inc hosp,quantile,0.1,3860,COVID-19
DE,00+,2022-04-06,2022-04-01,-5 day ahead inc hosp,quantile,0.1,10480.9,COVID-19
DE,00-04,2022-04-06,2022-04-01,-5 day ahead inc hosp,quantile,0.1,403,COVID-19
DE,05-14,2022-04-06,2022-04-01,-5 day ahead inc hosp,quantile,0.1,236,COVID-19
DE,15-34,2022-04-06,2022-04-01,-5 day ahead inc hosp,quantile,0.1,1078,COVID-19
DE,35-59,2022-04-06,2022-04-01,-5 day ahead inc hosp,quantile,0.1,1733,COVID-19
DE,60-79,2022-04-06,2022-04-01,-5 day ahead inc hosp,quantile,0.1,3194,COVID-19
DE,80+,2022-04-06,2022-04-01,-5 day ahead inc hosp,quantile,0.1,3766,COVID-19
DE,00+,2022-04-06,2022-04-02,-4 day ahead inc hosp,quantile,0.1,10057.9,COVID-19
DE,00-04,2022-04-06,2022-04-02,-4 day ahead inc hosp,quantile,0.1,396,COVID-19
DE,05-14,2022-04-06,2022-04-02,-4 day ahead inc hosp,quantile,0.1,236,COVID-19
DE,15-34,2022-04-06,2022-04-02,-4 day ahead inc hosp,quantile,0.1,1049,COVID-19
DE,35-59,2022-04-06,2022-04-02,-4 day ahead inc hosp,quantile,0.1,1705,COVID-19
DE,60-79,2022-04-06,2022-04-02,-4 day ahead inc hosp,quantile,0.1,3134.9,COVID-19
DE,80+,2022-04-06,2022-04-02,-4 day ahead inc hosp,quantile,0.1,3684,COVID-19
DE,00+,2022-04-06,2022-04-03,-3 day ahead inc hosp,quantile,0.1,10109.9,COVID-19
DE,00-04,2022-04-06,2022-04-03,-3 day ahead inc hosp,quantile,0.1,414,COVID-19
DE,05-14,2022-04-06,2022-04-03,-3 day ahead inc hosp,quantile,0.1,238,COVID-19
DE,15-34,2022-04-06,2022-04-03,-3 day ahead inc hosp,quantile,0.1,1068,COVID-19
DE,35-59,2022-04-06,2022-04-03,-3 day ahead inc hosp,quantile,0.1,1755,COVID-19
DE,60-79,2022-04-06,2022-04-03,-3 day ahead inc hosp,quantile,0.1,3154,COVID-19
DE,80+,2022-04-06,2022-04-03,-3 day ahead inc hosp,quantile,0.1,3711,COVID-19
DE,00+,2022-04-06,2022-04-04,-2 day ahead inc hosp,quantile,0.1,10258.8,COVID-19
DE,00-04,2022-04-06,2022-04-04,-2 day ahead inc hosp,quantile,0.1,426,COVID-19
DE,05-14,2022-04-06,2022-04-04,-2 day ahead inc hosp,quantile,0.1,243,COVID-19
DE,15-34,2022-04-06,2022-04-04,-2 day ahead inc hosp,quantile,0.1,1052,COVID-19
DE,35-59,2022-04-06,2022-04-04,-2 day ahead inc hosp,quantile,0.1,1771,COVID-19
DE,60-79,2022-04-06,2022-04-04,-2 day ahead inc hosp,quantile,0.1,3194,COVID-19
DE,80+,2022-04-06,2022-04-04,-2 day ahead inc hosp,quantile,0.1,3717,COVID-19
DE,00+,2022-04-06,2022-04-05,-1 day ahead inc hosp,quantile,0.1,10341,COVID-19
DE,00-04,2022-04-06,2022-04-05,-1 day ahead inc hosp,quantile,0.1,417,COVID-19
DE,05-14,2022-04-06,2022-04-05,-1 day ahead inc hosp,quantile,0.1,241,COVID-19
DE,15-34,2022-04-06,2022-04-05,-1 day ahead inc hosp,quantile,0.1,1007,COVID-19
DE,35-59,2022-04-06,2022-04-05,-1 day ahead inc hosp,quantile,0.1,1651,COVID-19
DE,60-79,2022-04-06,2022-04-05,-1 day ahead inc hosp,quantile,0.1,3010.9,COVID-19
DE,80+,2022-04-06,2022-04-05,-1 day ahead inc hosp,quantile,0.1,3498,COVID-19
DE,00+,2022-04-06,2022-04-06,0 day ahead inc hosp,quantile,0.1,9564.9,COVID-19
DE,00-04,2022-04-06,2022-04-06,0 day ahead inc hosp,quantile,0.1,379,COVID-19
DE,05-14,2022-04-06,2022-04-06,0 day ahead inc hosp,quantile,0.1,224,COVID-19
DE,15-34,2022-04-06,2022-04-06,0 day ahead inc hosp,quantile,0.1,924,COVID-19
DE,35-59,2022-04-06,2022-04-06,0 day ahead inc hosp,quantile,0.1,1501.9,COVID-19
DE,60-79,2022-04-06,2022-04-06,0 day ahead inc hosp,quantile,0.1,2692,COVID-19
DE,80+,2022-04-06,2022-04-06,0 day ahead inc hosp,quantile,0.1,3123.9,COVID-19
DE,00+,2022-04-06,2022-03-09,-28 day ahead inc hosp,quantile,0.25,9741,COVID-19
DE,00-04,2022-04-06,2022-03-09,-28 day ahead inc hosp,quantile,0.25,386,COVID-19
DE,05-14,2022-04-06,2022-03-09,-28 day ahead inc hosp,quantile,0.25,263,COVID-19
DE,15-34,2022-04-06,2022-03-09,-28 day ahead inc hosp,quantile,0.25,1186,COVID-19
DE,35-59,2022-04-06,2022-03-09,-28 day ahead inc hosp,quantile,0.25,1735,COVID-19
DE,60-79,2022-04-06,2022-03-09,-28 day ahead inc hosp,quantile,0.25,2827,COVID-19
DE,80+,2022-04-06,2022-03-09,-28 day ahead inc hosp,quantile,0.25,3323,COVID-19
DE,00+,2022-04-06,2022-03-10,-27 day ahead inc hosp,quantile,0.25,9946,COVID-19
DE,00-04,2022-04-06,2022-03-10,-27 day ahead inc hosp,quantile,0.25,378,COVID-19
DE,05-14,2022-04-06,2022-03-10,-27 day ahead inc hosp,quantile,0.25,271,COVID-19
DE,15-34,2022-04-06,2022-03-10,-27 day ahead inc hosp,quantile,0.25,1184,COVID-19
DE,35-59,2022-04-06,2022-03-10,-27 day ahead inc hosp,quantile,0.25,1763,COVID-19
DE,60-79,2022-04-06,2022-03-10,-27 day ahead inc hosp,quantile,0.25,2909,COVID-19
DE,80+,2022-04-06,2022-03-10,-27 day ahead inc hosp,quantile,0.25,3423,COVID-19
DE,00+,2022-04-06,2022-03-11,-26 day ahead inc hosp,quantile,0.25,10213,COVID-19
DE,00-04,2022-04-06,2022-03-11,-26 day ahead inc hosp,quantile,0.25,393,COVID-19
DE,05-14,2022-04-06,2022-03-11,-26 day ahead inc hosp,quantile,0.25,265,COVID-19
DE,15-34,2022-04-06,2022-03-11,-26 day ahead inc hosp,quantile,0.25,1215,COVID-19
DE,35-59,2022-04-06,2022-03-11,-26 day ahead inc hosp,quantile,0.25,1816,COVID-19
DE,60-79,2022-04-06,2022-03-11,-26 day ahead inc hosp,quantile,0.25,2943,COVID-19
DE,80+,2022-04-06,2022-03-11,-26 day ahead inc hosp,quantile,0.25,3556,COVID-19
DE,00+,2022-04-06,2022-03-12,-25 day ahead inc hosp,quantile,0.25,10466,COVID-19
DE,00-04,2022-04-06,2022-03-12,-25 day ahead inc hosp,quantile,0.25,417,COVID-19
DE,05-14,2022-04-06,2022-03-12,-25 day ahead inc hosp,quantile,0.25,266,COVID-19
DE,15-34,2022-04-06,2022-03-12,-25 day ahead inc hosp,quantile,0.25,1212,COVID-19
DE,35-59,2022-04-06,2022-03-12,-25 day ahead inc hosp,quantile,0.25,1816,COVID-19
DE,60-79,2022-04-06,2022-03-12,-25 day ahead inc hosp,quantile,0.25,3023,COVID-19
DE,80+,2022-04-06,2022-03-12,-25 day ahead inc hosp,quantile,0.25,3706,COVID-19
DE,00+,2022-04-06,2022-03-13,-24 day ahead inc hosp,quantile,0.25,10618,COVID-19
DE,00-04,2022-04-06,2022-03-13,-24 day ahead inc hosp,quantile,0.25,446,COVID-19
DE,05-14,2022-04-06,2022-03-13,-24 day ahead inc hosp,quantile,0.25,275,COVID-19
DE,15-34,2022-04-06,2022-03-13,-24 day ahead inc hosp,quantile,0.25,1231,COVID-19
DE,35-59,2022-04-06,2022-03-13,-24 day ahead inc hosp,quantile,0.25,1816,COVID-19
DE,60-79,2022-04-06,2022-03-13,-24 day ahead inc hosp,quantile,0.25,3070,COVID-19
DE,80+,2022-04-06,2022-03-13,-24 day ahead inc hosp,quantile,0.25,3756,COVID-19
DE,00+,2022-04-06,2022-03-14,-23 day ahead inc hosp,quantile,0.25,10716,COVID-19
DE,00-04,2022-04-06,2022-03-14,-23 day ahead inc hosp,quantile,0.25,442,COVID-19
DE,05-14,2022-04-06,2022-03-14,-23 day ahead inc hosp,quantile,0.25,269,COVID-19
DE,15-34,2022-04-06,2022-03-14,-23 day ahead inc hosp,quantile,0.25,1237,COVID-19
DE,35-59,2022-04-06,2022-03-14,-23 day ahead inc hosp,quantile,0.25,1817,COVID-19
DE,60-79,2022-04-06,2022-03-14,-23 day ahead inc hosp,quantile,0.25,3113,COVID-19
DE,80+,2022-04-06,2022-03-14,-23 day ahead inc hosp,quantile,0.25,3820,COVID-19
DE,00+,2022-04-06,2022-03-15,-22 day ahead inc hosp,quantile,0.25,11148,COVID-19
DE,00-04,2022-04-06,2022-03-15,-22 day ahead inc hosp,quantile,0.25,472,COVID-19
DE,05-14,2022-04-06,2022-03-15,-22 day ahead inc hosp,quantile,0.25,278,COVID-19
DE,15-34,2022-04-06,2022-03-15,-22 day ahead inc hosp,quantile,0.25,1272,COVID-19
DE,35-59,2022-04-06,2022-03-15,-22 day ahead inc hosp,quantile,0.25,1911,COVID-19
DE,60-79,2022-04-06,2022-03-15,-22 day ahead inc hosp,quantile,0.25,3269,COVID-19
DE,80+,2022-04-06,2022-03-15,-22 day ahead inc hosp,quantile,0.25,3938,COVID-19
DE,00+,2022-04-06,2022-03-16,-21 day ahead inc hosp,quantile,0.25,11368,COVID-19
DE,00-04,2022-04-06,2022-03-16,-21 day ahead inc hosp,quantile,0.25,480,COVID-19
DE,05-14,2022-04-06,2022-03-16,-21 day ahead inc hosp,quantile,0.25,301,COVID-19
DE,15-34,2022-04-06,2022-03-16,-21 day ahead inc hosp,quantile,0.25,1263,COVID-19
DE,35-59,2022-04-06,2022-03-16,-21 day ahead inc hosp,quantile,0.25,1939,COVID-19
DE,60-79,2022-04-06,2022-03-16,-21 day ahead inc hosp,quantile,0.25,3334,COVID-19
DE,80+,2022-04-06,2022-03-16,-21 day ahead inc hosp,quantile,0.25,4044,COVID-19
DE,00+,2022-04-06,2022-03-17,-20 day ahead inc hosp,quantile,0.25,11619,COVID-19
DE,00-04,2022-04-06,2022-03-17,-20 day ahead inc hosp,quantile,0.25,471,COVID-19
DE,05-14,2022-04-06,2022-03-17,-20 day ahead inc hosp,quantile,0.25,307,COVID-19
DE,15-34,2022-04-06,2022-03-17,-20 day ahead inc hosp,quantile,0.25,1263.75,COVID-19
DE,35-59,2022-04-06,2022-03-17,-20 day ahead inc hosp,quantile,0.25,1961,COVID-19
DE,60-79,2022-04-06,2022-03-17,-20 day ahead inc hosp,quantile,0.25,3449,COVID-19
DE,80+,2022-04-06,2022-03-17,-20 day ahead inc hosp,quantile,0.25,4153,COVID-19
DE,00+,2022-04-06,2022-03-18,-19 day ahead inc hosp,quantile,0.25,11769,COVID-19
DE,00-04,2022-04-06,2022-03-18,-19 day ahead inc hosp,quantile,0.25,478,COVID-19
DE,05-14,2022-04-06,2022-03-18,-19 day ahead inc hosp,quantile,0.25,303,COVID-19
DE,15-34,2022-04-06,2022-03-18,-19 day ahead inc hosp,quantile,0.25,1250,COVID-19
DE,35-59,2022-04-06,2022-03-18,-19 day ahead inc hosp,quantile,0.25,1934,COVID-19
DE,60-79,2022-04-06,2022-03-18,-19 day ahead inc hosp,quantile,0.25,3586,COVID-19
DE,80+,2022-04-06,2022-03-18,-19 day ahead inc hosp,quantile,0.25,4200,COVID-19
DE,00+,2022-04-06,2022-03-19,-18 day ahead inc hosp,quantile,0.25,11859,COVID-19
DE,00-04,2022-04-06,2022-03-19,-18 day ahead inc hosp,quantile,0.25,473,COVID-19
DE,05-14,2022-04-06,2022-03-19,-18 day ahead inc hosp,quantile,0.25,306,COVID-19
DE,15-34,2022-04-06,2022-03-19,-18 day ahead inc hosp,quantile,0.25,1235,COVID-19
DE,35-59,2022-04-06,2022-03-19,-18 day ahead inc hosp,quantile,0.25,1970,COVID-19
DE,60-79,2022-04-06,2022-03-19,-18 day ahead inc hosp,quantile,0.25,3598,COVID-19
DE,80+,2022-04-06,2022-03-19,-18 day ahead inc hosp,quantile,0.25,4258,COVID-19
DE,00+,2022-04-06,2022-03-20,-17 day ahead inc hosp,quantile,0.25,11784,COVID-19
DE,00-04,2022-04-06,2022-03-20,-17 day ahead inc hosp,quantile,0.25,459,COVID-19
DE,05-14,2022-04-06,2022-03-20,-17 day ahead inc hosp,quantile,0.25,308,COVID-19
DE,15-34,2022-04-06,2022-03-20,-17 day ahead inc hosp,quantile,0.25,1180,COVID-19
DE,35-59,2022-04-06,2022-03-20,-17 day ahead inc hosp,quantile,0.25,1955,COVID-19
DE,60-79,2022-04-06,2022-03-20,-17 day ahead inc hosp,quantile,0.25,3629,COVID-19
DE,80+,2022-04-06,2022-03-20,-17 day ahead inc hosp,quantile,0.25,4274,COVID-19
DE,00+,2022-04-06,2022-03-21,-16 day ahead inc hosp,quantile,0.25,11768,COVID-19
DE,00-04,2022-04-06,2022-03-21,-16 day ahead inc hosp,quantile,0.25,463,COVID-19
DE,05-14,2022-04-06,2022-03-21,-16 day ahead inc hosp,quantile,0.25,316,COVID-19
DE,15-34,2022-04-06,2022-03-21,-16 day ahead inc hosp,quantile,0.25,1167,COVID-19
DE,35-59,2022-04-06,2022-03-21,-16 day ahead inc hosp,quantile,0.25,1960,COVID-19
DE,60-79,2022-04-06,2022-03-21,-16 day ahead inc hosp,quantile,0.25,3628,COVID-19
DE,80+,2022-04-06,2022-03-21,-16 day ahead inc hosp,quantile,0.25,4252,COVID-19
DE,00+,2022-04-06,2022-03-22,-15 day ahead inc hosp,quantile,0.25,11749.75,COVID-19
DE,00-04,2022-04-06,2022-03-22,-15 day ahead inc hosp,quantile,0.25,439,COVID-19
DE,05-14,2022-04-06,2022-03-22,-15 day ahead inc hosp,quantile,0.25,293,COVID-19
DE,15-34,2022-04-06,2022-03-22,-15 day ahead inc hosp,quantile,0.25,1136,COVID-19
DE,35-59,2022-04-06,2022-03-22,-15 day ahead inc hosp,quantile,0.25,1936,COVID-19
DE,60-79,2022-04-06,2022-03-22,-15 day ahead inc hosp,quantile,0.25,3623,COVID-19
DE,80+,2022-04-06,2022-03-22,-15 day ahead inc hosp,quantile,0.25,4303,COVID-19
DE,00+,2022-04-06,2022-03-23,-14 day ahead inc hosp,quantile,0.25,11848,COVID-19
DE,00-04,2022-04-06,2022-03-23,-14 day ahead inc hosp,quantile,0.25,433,COVID-19
DE,05-14,2022-04-06,2022-03-23,-14 day ahead inc hosp,quantile,0.25,278,COVID-19
DE,15-34,2022-04-06,2022-03-23,-14 day ahead inc hosp,quantile,0.25,1146,COVID-19
DE,35-59,2022-04-06,2022-03-23,-14 day ahead inc hosp,quantile,0.25,1972,COVID-19
DE,60-79,2022-04-06,2022-03-23,-14 day ahead inc hosp,quantile,0.25,3623,COVID-19
DE,80+,2022-04-06,2022-03-23,-14 day ahead inc hosp,quantile,0.25,4375,COVID-19
DE,00+,2022-04-06,2022-03-24,-13 day ahead inc hosp,quantile,0.25,11834.75,COVID-19
DE,00-04,2022-04-06,2022-03-24,-13 day ahead inc hosp,quantile,0.25,441,COVID-19
DE,05-14,2022-04-06,2022-03-24,-13 day ahead inc hosp,quantile,0.25,267,COVID-19
DE,15-34,2022-04-06,2022-03-24,-13 day ahead inc hosp,quantile,0.25,1156,COVID-19
DE,35-59,2022-04-06,2022-03-24,-13 day ahead inc hosp,quantile,0.25,1960,COVID-19
DE,60-79,2022-04-06,2022-03-24,-13 day ahead inc hosp,quantile,0.25,3671,COVID-19
DE,80+,2022-04-06,2022-03-24,-13 day ahead inc hosp,quantile,0.25,4316,COVID-19
DE,00+,2022-04-06,2022-03-25,-12 day ahead inc hosp,quantile,0.25,11780,COVID-19
DE,00-04,2022-04-06,2022-03-25,-12 day ahead inc hosp,quantile,0.25,449,COVID-19
DE,05-14,2022-04-06,2022-03-25,-12 day ahead inc hosp,quantile,0.25,268,COVID-19
DE,15-34,2022-04-06,2022-03-25,-12 day ahead inc hosp,quantile,0.25,1168,COVID-19
DE,35-59,2022-04-06,2022-03-25,-12 day ahead inc hosp,quantile,0.25,1996,COVID-19
DE,60-79,2022-04-06,2022-03-25,-12 day ahead inc hosp,quantile,0.25,3600.75,COVID-19
DE,80+,2022-04-06,2022-03-25,-12 day ahead inc hosp,quantile,0.25,4234,COVID-19
DE,00+,2022-04-06,2022-03-26,-11 day ahead inc hosp,quantile,0.25,11753,COVID-19
DE,00-04,2022-04-06,2022-03-26,-11 day ahead inc hosp,quantile,0.25,450,COVID-19
DE,05-14,2022-04-06,2022-03-26,-11 day ahead inc hosp,quantile,0.25,262,COVID-19
DE,15-34,2022-04-06,2022-03-26,-11 day ahead inc hosp,quantile,0.25,1177.75,COVID-19
DE,35-59,2022-04-06,2022-03-26,-11 day ahead inc hosp,quantile,0.25,1973,COVID-19
DE,60-79,2022-04-06,2022-03-26,-11 day ahead inc hosp,quantile,0.25,3607,COVID-19
DE,80+,2022-04-06,2022-03-26,-11 day ahead inc hosp,quantile,0.25,4174,COVID-19
DE,00+,2022-04-06,2022-03-27,-10 day ahead inc hosp,quantile,0.25,11722,COVID-19
DE,00-04,2022-04-06,2022-03-27,-10 day ahead inc hosp,quantile,0.25,434,COVID-19
DE,05-14,2022-04-06,2022-03-27,-10 day ahead inc hosp,quantile,0.25,252,COVID-19
DE,15-34,2022-04-06,2022-03-27,-10 day ahead inc hosp,quantile,0.25,1205,COVID-19
DE,35-59,2022-04-06,2022-03-27,-10 day ahead inc hosp,quantile,0.25,1968,COVID-19
DE,60-79,2022-04-06,2022-03-27,-10 day ahead inc hosp,quantile,0.25,3588,COVID-19
DE,80+,2022-04-06,2022-03-27,-10 day ahead inc hosp,quantile,0.25,4156,COVID-19
DE,00+,2022-04-06,2022-03-28,-9 day ahead inc hosp,quantile,0.25,11668,COVID-19
DE,00-04,2022-04-06,2022-03-28,-9 day ahead inc hosp,quantile,0.25,423,COVID-19
DE,05-14,2022-04-06,2022-03-28,-9 day ahead inc hosp,quantile,0.25,245,COVID-19
DE,15-34,2022-04-06,2022-03-28,-9 day ahead inc hosp,quantile,0.25,1209,COVID-19
DE,35-59,2022-04-06,2022-03-28,-9 day ahead inc hosp,quantile,0.25,1958,COVID-19
DE,60-79,2022-04-06,2022-03-28,-9 day ahead inc hosp,quantile,0.25,3570,COVID-19
DE,80+,2022-04-06,2022-03-28,-9 day ahead inc hosp,quantile,0.25,4149,COVID-19
DE,00+,2022-04-06,2022-03-29,-8 day ahead inc hosp,quantile,0.25,11563,COVID-19
DE,00-04,2022-04-06,2022-03-29,-8 day ahead inc hosp,quantile,0.25,425,COVID-19
DE,05-14,2022-04-06,2022-03-29,-8 day ahead inc hosp,quantile,0.25,245,COVID-19
DE,15-34,2022-04-06,2022-03-29,-8 day ahead inc hosp,quantile,0.25,1197,COVID-19
DE,35-59,2022-04-06,2022-03-29,-8 day ahead inc hosp,quantile,0.25,1942,COVID-19
DE,60-79,2022-04-06,2022-03-29,-8 day ahead inc hosp,quantile,0.25,3521.75,COVID-19
DE,80+,2022-04-06,2022-03-29,-8 day ahead inc hosp,quantile,0.25,4107,COVID-19
DE,00+,2022-04-06,2022-03-30,-7 day ahead inc hosp,quantile,0.25,11256,COVID-19
DE,00-04,2022-04-06,2022-03-30,-7 day ahead inc hosp,quantile,0.25,422,COVID-19
DE,05-14,2022-04-06,2022-03-30,-7 day ahead inc hosp,quantile,0.25,243,COVID-19
DE,15-34,2022-04-06,2022-03-30,-7 day ahead inc hosp,quantile,0.25,1152,COVID-19
DE,35-59,2022-04-06,2022-03-30,-7 day ahead inc hosp,quantile,0.25,1866,COVID-19
DE,60-79,2022-04-06,2022-03-30,-7 day ahead inc hosp,quantile,0.25,3467,COVID-19
DE,80+,2022-04-06,2022-03-30,-7 day ahead inc hosp,quantile,0.25,3987.75,COVID-19
DE,00+,2022-04-06,2022-03-31,-6 day ahead inc hosp,quantile,0.25,10912,COVID-19
DE,00-04,2022-04-06,2022-03-31,-6 day ahead inc hosp,quantile,0.25,414,COVID-19
DE,05-14,2022-04-06,2022-03-31,-6 day ahead inc hosp,quantile,0.25,238,COVID-19
DE,15-34,2022-04-06,2022-03-31,-6 day ahead inc hosp,quantile,0.25,1122,COVID-19
DE,35-59,2022-04-06,2022-03-31,-6 day ahead inc hosp,quantile,0.25,1828,COVID-19
DE,60-79,2022-04-06,2022-03-31,-6 day ahead inc hosp,quantile,0.25,3296,COVID-19
DE,80+,2022-04-06,2022-03-31,-6 day ahead inc hosp,quantile,0.25,3906,COVID-19
DE,00+,2022-04-06,2022-04-01,-5 day ahead inc hosp,quantile,0.25,10600.75,COVID-19
DE,00-04,2022-04-06,2022-04-01,-5 day ahead inc hosp,quantile,0.25,411,COVID-19
DE,05-14,2022-04-06,2022-04-01,-5 day ahead inc hosp,quantile,0.25,241,COVID-19
DE,15-34,2022-04-06,2022-04-01,-5 day ahead inc hosp,quantile,0.25,1095,COVID-19
DE,35-59,2022-04-06,2022-04-01,-5 day ahead inc hosp,quantile,0.25,1759,COVID-19
DE,60-79,2022-04-06,2022-04-01,-5 day ahead inc hosp,quantile,0.25,3241,COVID-19
DE,80+,2022-04-06,2022-04-01,-5 day ahead inc hosp,quantile,0.25,3816,COVID-19
DE,00+,2022-04-06,2022-04-02,-4 day ahead inc hosp,quantile,0.25,10202,COVID-19
DE,00-04,2022-04-06,2022-04-02,-4 day ahead inc hosp,quantile,0.25,405,COVID-19
DE,05-14,2022-04-06,2022-04-02,-4 day ahead inc hosp,quantile,0.25,242,COVID-19
DE,15-34,2022-04-06,2022-04-02,-4 day ahead inc hosp,quantile,0.25,1070,COVID-19
DE,35-59,2022-04-06,2022-04-02,-4 day ahead inc hosp,quantile,0.25,1738.75,COVID-19
DE,60-79,2022-04-06,2022-04-02,-4 day ahead inc hosp,quantile,0.25,3193,COVID-19
DE,80+,2022-04-06,2022-04-02,-4 day ahead inc hosp,quantile,0.25,3748,COVID-19
DE,00+,2022-04-06,2022-04-03,-3 day ahead inc hosp,quantile,0.25,10276.75,COVID-19
DE,00-04,2022-04-06,2022-04-03,-3 day ahead inc hosp,quantile,0.25,425,COVID-19
DE,05-14,2022-04-06,2022-04-03,-3 day ahead inc hosp,quantile,0.25,246,COVID-19
DE,15-34,2022-04-06,2022-04-03,-3 day ahead inc hosp,quantile,0.25,1097,COVID-19
DE,35-59,2022-04-06,2022-04-03,-3 day ahead inc hosp,quantile,0.25,1799,COVID-19
DE,60-79,2022-04-06,2022-04-03,-3 day ahead inc hosp,quantile,0.25,3224,COVID-19
DE,80+,2022-04-06,2022-04-03,-3 day ahead inc hosp,quantile,0.25,3788,COVID-19
DE,00+,2022-04-06,2022-04-04,-2 day ahead inc hosp,quantile,0.25,10457.75,COVID-19
DE,00-04,2022-04-06,2022-04-04,-2 day ahead inc hosp,quantile,0.25,439,COVID-19
DE,05-14,2022-04-06,2022-04-04,-2 day ahead inc hosp,quantile,0.25,253,COVID-19
DE,15-34,2022-04-06,2022-04-04,-2 day ahead inc hosp,quantile,0.25,1087,COVID-19
DE,35-59,2022-04-06,2022-04-04,-2 day ahead inc hosp,quantile,0.25,1824,COVID-19
DE,60-79,2022-04-06,2022-04-04,-2 day ahead inc hosp,quantile,0.25,3280,COVID-19
DE,80+,2022-04-06,2022-04-04,-2 day ahead inc hosp,quantile,0.25,3814,COVID-19
DE,00+,2022-04-06,2022-04-05,-1 day ahead inc hosp,quantile,0.25,10670.75,COVID-19
DE,00-04,2022-04-06,2022-04-05,-1 day ahead inc hosp,quantile,0.25,434,COVID-19
DE,05-14,2022-04-06,2022-04-05,-1 day ahead inc hosp,quantile,0.25,252,COVID-19
DE,15-34,2022-04-06,2022-04-05,-1 day ahead inc hosp,quantile,0.25,1044,COVID-19
DE,35-59,2022-04-06,2022-04-05,-1 day ahead inc hosp,quantile,0.25,1708,COVID-19
DE,60-79,2022-04-06,2022-04-05,-1 day ahead inc hosp,quantile,0.25,3111,COVID-19
DE,80+,2022-04-06,2022-04-05,-1 day ahead inc hosp,quantile,0.25,3616,COVID-19
DE,00+,2022-04-06,2022-04-06,0 day ahead inc hosp,quantile,0.25,9986.75,COVID-19
DE,00-04,2022-04-06,2022-04-06,0 day ahead inc hosp,quantile,0.25,397,COVID-19
DE,05-14,2022-04-06,2022-04-06,0 day ahead inc hosp,quantile,0.25,239,COVID-19
DE,15-34,2022-04-06,2022-04-06,0 day ahead inc hosp,quantile,0.25,968,COVID-19
DE,35-59,2022-04-06,2022-04-06,0 day ahead inc hosp,quantile,0.25,1574,COVID-19
DE,60-79,2022-04-06,2022-04-06,0 day ahead inc hosp,quantile,0.25,2825.75,COVID-19
DE,80+,2022-04-06,2022-04-06,0 day ahead inc hosp,quantile,0.25,3277.75,COVID-19
DE,00+,2022-04-06,2022-03-09,-28 day ahead inc hosp,median,,9758,COVID-19
DE,00-04,2022-04-06,2022-03-09,-28 day ahead inc hosp,median,,388,COVID-19
DE,05-14,2022-04-06,2022-03-09,-28 day ahead inc hosp,median,,265,COVID-19
DE,15-34,2022-04-06,2022-03-09,-28 day ahead inc hosp,median,,1190,COVID-19
DE,35-59,2022-04-06,2022-03-09,-28 day ahead inc hosp,median,,1740,COVID-19
DE,60-79,2022-04-06,2022-03-09,-28 day ahead inc hosp,median,,2834,COVID-19
DE,80+,2022-04-06,2022-03-09,-28 day ahead inc hosp,median,,3331,COVID-19
DE,00+,2022-04-06,2022-03-10,-27 day ahead inc hosp,median,,9966,COVID-19
DE,00-04,2022-04-06,2022-03-10,-27 day ahead inc hosp,median,,380,COVID-19
DE,05-14,2022-04-06,2022-03-10,-27 day ahead inc hosp,median,,273,COVID-19
DE,15-34,2022-04-06,2022-03-10,-27 day ahead inc hosp,median,,1188,COVID-19
DE,35-59,2022-04-06,2022-03-10,-27 day ahead inc hosp,median,,1769,COVID-19
DE,60-79,2022-04-06,2022-03-10,-27 day ahead inc hosp,median,,2917,COVID-19
DE,80+,2022-04-06,2022-03-10,-27 day ahead inc hosp,median,,3432,COVID-19
DE,00+,2022-04-06,2022-03-11,-26 day ahead inc hosp,median,,10235,COVID-19
DE,00-04,2022-04-06,2022-03-11,-26 day ahead inc hosp,median,,396,COVID-19
DE,05-14,2022-04-06,2022-03-11,-26 day ahead inc hosp,median,,267,COVID-19
DE,15-34,2022-04-06,2022-03-11,-26 day ahead inc hosp,median,,1220,COVID-19
DE,35-59,2022-04-06,2022-03-11,-26 day ahead inc hosp,median,,1822,COVID-19
DE,60-79,2022-04-06,2022-03-11,-26 day ahead inc hosp,median,,2952,COVID-19
DE,80+,2022-04-06,2022-03-11,-26 day ahead inc hosp,median,,3566,COVID-19
DE,00+,2022-04-06,2022-03-12,-25 day ahead inc hosp,median,,10490,COVID-19
DE,00-04,2022-04-06,2022-03-12,-25 day ahead inc hosp,median,,419,COVID-19
DE,05-14,2022-04-06,2022-03-12,-25 day ahead inc hosp,median,,268,COVID-19
DE,15-34,2022-04-06,2022-03-12,-25 day ahead inc hosp,median,,1217,COVID-19
DE,35-59,2022-04-06,2022-03-12,-25 day ahead inc hosp,median,,1822,COVID-19
DE,60-79,2022-04-06,2022-03-12,-25 day ahead inc hosp,median,,3033,COVID-19
DE,80+,2022-04-06,2022-03-12,-25 day ahead inc hosp,median,,3717,COVID-19
DE,00+,2022-04-06,2022-03-13,-24 day ahead inc hosp,median,,10643,COVID-19
DE,00-04,2022-04-06,2022-03-13,-24 day ahead inc hosp,median,,449,COVID-19
DE,05-14,2022-04-06,2022-03-13,-24 day ahead inc hosp,median,,278,COVID-19
DE,15-34,2022-04-06,2022-03-13,-24 day ahead inc hosp,median,,1236,COVID-19
DE,35-59,2022-04-06,2022-03-13,-24 day ahead inc hosp,median,,1822,COVID-19
DE,60-79,2022-04-06,2022-03-13,-24 day ahead inc hosp,median,,3080,COVID-19
DE,80+,2022-04-06,2022-03-13,-24 day ahead inc hosp,median,,3767,COVID-19
DE,00+,2022-04-06,2022-03-14,-23 day ahead inc hosp,median,,10742,COVID-19
DE,00-04,2022-04-06,2022-03-14,-23 day ahead inc hosp,median,,445,COVID-19
DE,05-14,2022-04-06,2022-03-14,-23 day ahead inc hosp,median,,271,COVID-19
DE,15-34,2022-04-06,2022-03-14,-23 day ahead inc hosp,median,,1243,COVID-19
DE,35-59,2022-04-06,2022-03-14,-23 day ahead inc hosp,median,,1824,COVID-19
DE,60-79,2022-04-06,2022-03-14,-23 day ahead inc hosp,median,,3124,COVID-19
DE,80+,2022-04-06,2022-03-14,-23 day ahead inc hosp,median,,3832,COVID-19
DE,00+,2022-04-06,2022-03-15,-22 day ahead inc hosp,median,,11178,COVID-19
DE,00-04,2022-04-06,2022-03-15,-22 day ahead inc hosp,median,,475,COVID-19
DE,05-14,2022-04-06,2022-03-15,-22 day ahead inc hosp,median,,280,COVID-19
DE,15-34,2022-04-06,2022-03-15,-22 day ahead inc hosp,median,,1278,COVID-19
DE,35-59,2022-04-06,2022-03-15,-22 day ahead inc hosp,median,,1918,COVID-19
DE,60-79,2022-04-06,2022-03-15,-22 day ahead inc hosp,median,,3280,COVID-19
DE,80+,2022-04-06,2022-03-15,-22 day ahead inc hosp,median,,3951,COVID-19
DE,00+,2022-04-06,2022-03-16,-21 day ahead inc hosp,median,,11400,COVID-19
DE,00-04,2022-04-06,2022-03-16,-21 day ahead inc hosp,median,,484,COVID-19
DE,05-14,2022-04-06,2022-03-16,-21 day ahead inc hosp,median,,304,COVID-19
DE,15-34,2022-04-06,2022-03-16,-21 day ahead inc hosp,median,,1270,COVID-19
DE,35-59,2022-04-06,2022-03-16,-21 day ahead inc hosp,median,,1947,COVID-19
DE,60-79,2022-04-06,2022-03-16,-21 day ahead inc hosp,median,,3347,COVID-19
DE,80+,2022-04-06,2022-03-16,-21 day ahead inc hosp,median,,4058,COVID-19
DE,00+,2022-04-06,2022-03-17,-20 day ahead inc hosp,median,,11654,COVID-19
DE,00-04,2022-04-06,2022-03-17,-20 day ahead inc hosp,median,,475,COVID-19
DE,05-14,2022-04-06,2022-03-17,-20 day ahead inc hosp,median,,310,COVID-19
DE,15-34,2022-04-06,2022-03-17,-20 day ahead inc hosp,median,,1270,COVID-19
DE,35-59,2022-04-06,2022-03-17,-20 day ahead inc hosp,median,,1971,COVID-19
DE,60-79,2022-04-06,2022-03-17,-20 day ahead inc hosp,median,,3464,COVID-19
DE,80+,2022-04-06,2022-03-17,-20 day ahead inc hosp,median,,4168,COVID-19
DE,00+,2022-04-06,2022-03-18,-19 day ahead inc hosp,median,,11809.5,COVID-19
DE,00-04,2022-04-06,2022-03-18,-19 day ahead inc hosp,median,,483,COVID-19
DE,05-14,2022-04-06,2022-03-18,-19 day ahead inc hosp,median,,306,COVID-19
DE,15-34,2022-04-06,2022-03-18,-19 day ahead inc hosp,median,,1258,COVID-19
DE,35-59,2022-04-06,2022-03-18,-19 day ahead inc hosp,median,,1945,COVID-19
DE,60-79,2022-04-06,2022-03-18,-19 day ahead inc hosp,median,,3603,COVID-19
DE,80+,2022-04-06,2022-03-18,-19 day ahead inc hosp,median,,4219,COVID-19
DE,00+,2022-04-06,2022-03-19,-18 day ahead inc hosp,median,,11902,COVID-19
DE,00-04,2022-04-06,2022-03-19,-18 day ahead inc hosp,median,,478,COVID-19
DE,05-14,2022-04-06,2022-03-19,-18 day ahead inc hosp,median,,309,COVID-19
DE,15-34,2022-04-06,2022-03-19,-18 day ahead inc hosp,median,,1243,COVID-19
DE,35-59,2022-04-06,2022-03-19,-18 day ahead inc hosp,median,,1981,COVID-19
DE,60-79,2022-04-06,2022-03-19,-18 day ahead inc hosp,median,,3616,COVID-19
DE,80+,2022-04-06,2022-03-19,-18 day ahead inc hosp,median,,4278,COVID-19
DE,00+,2022-04-06,2022-03-20,-17 day ahead inc hosp,median,,11830,COVID-19
DE,00-04,2022-04-06,2022-03-20,-17 day ahead inc hosp,median,,463,COVID-19
DE,05-14,2022-04-06,2022-03-20,-17 day ahead inc hosp,median,,311,COVID-19
DE,15-34,2022-04-06,2022-03-20,-17 day ahead inc hosp,median,,1188,COVID-19
DE,35-59,2022-04-06,2022-03-20,-17 day ahead inc hosp,median,,1966,COVID-19
DE,60-79,2022-04-06,2022-03-20,-17 day ahead inc hosp,median,,3649,COVID-19
DE,80+,2022-04-06,2022-03-20,-17 day ahead inc hosp,median,,4296,COVID-19
DE,00+,2022-04-06,2022-03-21,-16 day ahead inc hosp,median,,11817,COVID-19
DE,00-04,2022-04-06,2022-03-21,-16 day ahead inc hosp,median,,468,COVID-19
DE,05-14,2022-04-06,2022-03-21,-16 day ahead inc hosp,median,,319,COVID-19
DE,15-34,2022-04-06,2022-03-21,-16 day ahead inc hosp,median,,1176,COVID-19
DE,35-59,2022-04-06,2022-03-21,-16 day ahead inc hosp,median,,1972,COVID-19
DE,60-79,2022-04-06,2022-03-21,-16 day ahead inc hosp,median,,3650,COVID-19
DE,80+,2022-04-06,2022-03-21,-16 day ahead inc hosp,median,,4276,COVID-19
DE,00+,2022-04-06,2022-03-22,-15 day ahead inc hosp,median,,11805,COVID-19
DE,00-04,2022-04-06,2022-03-22,-15 day ahead inc hosp,median,,444,COVID-19
DE,05-14,2022-04-06,2022-03-22,-15 day ahead inc hosp,median,,297,COVID-19
DE,15-34,2022-04-06,2022-03-22,-15 day ahead inc hosp,median,,1146,COVID-19
DE,35-59,2022-04-06,2022-03-22,-15 day ahead inc hosp,median,,1949,COVID-19
DE,60-79,2022-04-06,2022-03-22,-15 day ahead inc hosp,median,,3646,COVID-19
DE,80+,2022-04-06,2022-03-22,-15 day ahead inc hosp,median,,4329,COVID-19
DE,00+,2022-04-06,2022-03-23,-14 day ahead inc hosp,median,,11914,COVID-19
DE,00-04,2022-04-06,2022-03-23,-14 day ahead inc hosp,median,,438,COVID-19
DE,05-14,2022-04-06,2022-03-23,-14 day ahead inc hosp,median,,282,COVID-19
DE,15-34,2022-04-06,2022-03-23,-14 day ahead inc hosp,median,,1157,COVID-19
DE,35-59,2022-04-06,2022-03-23,-14 day ahead inc hosp,median,,1988,COVID-19
DE,60-79,2022-04-06,2022-03-23,-14 day ahead inc hosp,median,,3648,COVID-19
DE,80+,2022-04-06,2022-03-23,-14 day ahead inc hosp,median,,4405,COVID-19
DE,00+,2022-04-06,2022-03-24,-13 day ahead inc hosp,median,,11913,COVID-19
DE,00-04,2022-04-06,2022-03-24,-13 day ahead inc hosp,median,,447,COVID-19
DE,05-14,2022-04-06,2022-03-24,-13 day ahead inc hosp,median,,271,COVID-19
DE,15-34,2022-04-06,2022-03-24,-13 day ahead inc hosp,median,,1169,COVID-19
DE,35-59,2022-04-06,2022-03-24,-13 day ahead inc hosp,median,,1978,COVID-19
DE,60-79,2022-04-06,2022-03-24,-13 day ahead inc hosp,median,,3700,COVID-19
DE,80+,2022-04-06,2022-03-24,-13 day ahead inc hosp,median,,4348,COVID-19
DE,00+,2022-04-06,2022-03-25,-12 day ahead inc hosp,median,,11866,COVID-19
DE,00-04,2022-04-06,2022-03-25,-12 day ahead inc hosp,median,,456,COVID-19
DE,05-14,2022-04-06,2022-03-25,-12 day ahead inc hosp,median,,273,COVID-19
DE,15-34,2022-04-06,2022-03-25,-12 day ahead inc hosp,median,,1181,COVID-19
DE,35-59,2022-04-06,2022-03-25,-12 day ahead inc hosp,median,,2016,COVID-19
DE,60-79,2022-04-06,2022-03-25,-12 day ahead inc hosp,median,,3631,COVID-19
DE,80+,2022-04-06,2022-03-25,-12 day ahead inc hosp,median,,4270,COVID-19
DE,00+,2022-04-06,2022-03-26,-11 day ahead inc hosp,median,,11844.5,COVID-19
DE,00-04,2022-04-06,2022-03-26,-11 day ahead inc hosp,median,,457,COVID-19
DE,05-14,2022-04-06,2022-03-26,-11 day ahead inc hosp,median,,267,COVID-19
DE,15-34,2022-04-06,2022-03-26,-11 day ahead inc hosp,median,,1192,COVID-19
DE,35-59,2022-04-06,2022-03-26,-11 day ahead inc hosp,median,,1992,COVID-19
DE,60-79,2022-04-06,2022-03-26,-11 day ahead inc hosp,median,,3639,COVID-19
DE,80+,2022-04-06,2022-03-26,-11 day ahead inc hosp,median,,4212,COVID-19
DE,00+,2022-04-06,2022-03-27,-10 day ahead inc hosp,median,,11819,COVID-19
DE,00-04,2022-04-06,2022-03-27,-10 day ahead inc hosp,median,,441,COVID-19
DE,05-14,2022-04-06,2022-03-27,-10 day ahead inc hosp,median,,257,COVID-19
DE,15-34,2022-04-06,2022-03-27,-10 day ahead inc hosp,median,,1219,COVID-19
DE,35-59,2022-04-06,2022-03-27,-10 day ahead inc hosp,median,,1987,COVID-19
DE,60-79,2022-04-06,2022-03-27,-10 day ahead inc hosp,median,,3621,COVID-19
DE,80+,2022-04-06,2022-03-27,-10 day ahead inc hosp,median,,4193,COVID-19
DE,00+,2022-04-06,2022-03-28,-9 day ahead inc hosp,median,,11768,COVID-19
DE,00-04,2022-04-06,2022-03-28,-9 day ahead inc hosp,median,,430,COVID-19
DE,05-14,2022-04-06,2022-03-28,-9 day ahead inc hosp,median,,250,COVID-19
DE,15-34,2022-04-06,2022-03-28,-9 day ahead inc hosp,median,,1224,COVID-19
DE,35-59,2022-04-06,2022-03-28,-9 day ahead inc hosp,median,,1978,COVID-19
DE,60-79,2022-04-06,2022-03-28,-9 day ahead inc hosp,median,,3604,COVID-19
DE,80+,2022-04-06,2022-03-28,-9 day ahead inc hosp,median,,4188,COVID-19
DE,00+,2022-04-06,2022-03-29,-8 day ahead inc hosp,median,,11671,COVID-19
DE,00-04,2022-04-06,2022-03-29,-8 day ahead inc hosp,median,,432,COVID-19
DE,05-14,2022-04-06,2022-03-29,-8 day ahead inc hosp,median,,250,COVID-19
DE,15-34,2022-04-06,2022-03-29,-8 day ahead inc hosp,median,,1212,COVID-19
DE,35-59,2022-04-06,2022-03-29,-8 day ahead inc hosp,median,,1963,COVID-19
DE,60-79,2022-04-06,2022-03-29,-8 day ahead inc hosp,median,,3554,COVID-19
DE,80+,2022-04-06,2022-03-29,-8 day ahead inc hosp,median,,4142,COVID-19
DE,00+,2022-04-06,2022-03-30,-7 day ahead inc hosp,median,,11356,COVID-19
DE,00-04,2022-04-06,2022-03-30,-7 day ahead inc hosp,median,,430,COVID-19
DE,05-14,2022-04-06,2022-03-30,-7 day ahead inc hosp,median,,248,COVID-19
DE,15-34,2022-04-06,2022-03-30,-7 day ahead inc hosp,median,,1167,COVID-19
DE,35-59,2022-04-06,2022-03-30,-7 day ahead inc hosp,median,,1889,COVID-19
DE,60-79,2022-04-06,2022-03-30,-7 day ahead inc hosp,median,,3503,COVID-19
DE,80+,2022-04-06,2022-03-30,-7 day ahead inc hosp,median,,4028,COVID-19
DE,00+,2022-04-06,2022-03-31,-6 day ahead inc hosp,median,,11030,COVID-19
DE,00-04,2022-04-06,2022-03-31,-6 day ahead inc hosp,median,,422,COVID-19
DE,05-14,2022-04-06,2022-03-31,-6 day ahead inc hosp,median,,244,COVID-19
DE,15-34,2022-04-06,2022-03-31,-6 day ahead inc hosp,median,,1138,COVID-19
DE,35-59,2022-04-06,2022-03-31,-6 day ahead inc hosp,median,,1856,COVID-19
DE,60-79,2022-04-06,2022-03-31,-6 day ahead inc hosp,median,,3339,COVID-19
DE,80+,2022-04-06,2022-03-31,-6 day ahead inc hosp,median,,3953,COVID-19
DE,00+,2022-04-06,2022-04-01,-5 day ahead inc hosp,median,,10735,COVID-19
DE,00-04,2022-04-06,2022-04-01,-5 day ahead inc hosp,median,,420,COVID-19
DE,05-14,2022-04-06,2022-04-01,-5 day ahead inc hosp,median,,247,COVID-19
DE,15-34,2022-04-06,2022-04-01,-5 day ahead inc hosp,median,,1115,COVID-19
DE,35-59,2022-04-06,2022-04-01,-5 day ahead inc hosp,median,,1788,COVID-19
DE,60-79,2022-04-06,2022-04-01,-5 day ahead inc hosp,median,,3288,COVID-19
DE,80+,2022-04-06,2022-04-01,-5 day ahead inc hosp,median,,3875,COVID-19
DE,00+,2022-04-06,2022-04-02,-4 day ahead inc hosp,median,,10358,COVID-19
DE,00-04,2022-04-06,2022-04-02,-4 day ahead inc hosp,median,,416,COVID-19
DE,05-14,2022-04-06,2022-04-02,-4 day ahead inc hosp,median,,250,COVID-19
DE,15-34,2022-04-06,2022-04-02,-4 day ahead inc hosp,median,,1094,COVID-19
DE,35-59,2022-04-06,2022-04-02,-4 day ahead inc hosp,median,,1779,COVID-19
DE,60-79,2022-04-06,2022-04-02,-4 day ahead inc hosp,median,,3258,COVID-19
DE,80+,2022-04-06,2022-04-02,-4 day ahead inc hosp,median,,3823,COVID-19
DE,00+,2022-04-06,2022-04-03,-3 day ahead inc hosp,median,,10467.5,COVID-19
DE,00-04,2022-04-06,2022-04-03,-3 day ahead inc hosp,median,,438,COVID-19
DE,05-14,2022-04-06,2022-04-03,-3 day ahead inc hosp,median,,255,COVID-19
DE,15-34,2022-04-06,2022-04-03,-3 day ahead inc hosp,median,,1129.5,COVID-19
DE,35-59,2022-04-06,2022-04-03,-3 day ahead inc hosp,median,,1852,COVID-19
DE,60-79,2022-04-06,2022-04-03,-3 day ahead inc hosp,median,,3305,COVID-19
DE,80+,2022-04-06,2022-04-03,-3 day ahead inc hosp,median,,3888.5,COVID-19
DE,00+,2022-04-06,2022-04-04,-2 day ahead inc hosp,median,,10700.5,COVID-19
DE,00-04,2022-04-06,2022-04-04,-2 day ahead inc hosp,median,,455.5,COVID-19
DE,05-14,2022-04-06,2022-04-04,-2 day ahead inc hosp,median,,264,COVID-19
DE,15-34,2022-04-06,2022-04-04,-2 day ahead inc hosp,median,,1123,COVID-19
DE,35-59,2022-04-06,2022-04-04,-2 day ahead inc hosp,median,,1885,COVID-19
DE,60-79,2022-04-06,2022-04-04,-2 day ahead inc hosp,median,,3382,COVID-19
DE,80+,2022-04-06,2022-04-04,-2 day ahead inc hosp,median,,3940,COVID-19
DE,00+,2022-04-06,2022-04-05,-1 day ahead inc hosp,median,,11095,COVID-19
DE,00-04,2022-04-06,2022-04-05,-1 day ahead inc hosp,median,,455,COVID-19
DE,05-14,2022-04-06,2022-04-05,-1 day ahead inc hosp,median,,265,COVID-19
DE,15-34,2022-04-06,2022-04-05,-1 day ahead inc hosp,median,,1091,COVID-19
DE,35-59,2022-04-06,2022-04-05,-1 day ahead inc hosp,median,,1789,COVID-19
DE,60-79,2022-04-06,2022-04-05,-1 day ahead inc hosp,median,,3244.5,COVID-19
DE,80+,2022-04-06,2022-04-05,-1 day ahead inc hosp,median,,3780,COVID-19
DE,00+,2022-04-06,2022-04-06,0 day ahead inc hosp,median,,10496,COVID-19
DE,00-04,2022-04-06,2022-04-06,0 day ahead inc hosp,median,,422,COVID-19
DE,05-14,2022-04-06,2022-04-06,0 day ahead inc hosp,median,,257,COVID-19
DE,15-34,2022-04-06,2022-04-06,0 day ahead inc hosp,median,,1028,COVID-19
DE,35-59,2022-04-06,2022-04-06,0 day ahead inc hosp,median,,1676,COVID-19
DE,60-79,2022-04-06,2022-04-06,0 day ahead inc hosp,median,,2986.5,COVID-19
DE,80+,2022-04-06,2022-04-06,0 day ahead inc hosp,median,,3472,COVID-19
DE,00+,2022-04-06,2022-03-09,-28 day ahead inc hosp,quantile,0.75,9775,COVID-19
DE,00-04,2022-04-06,2022-03-09,-28 day ahead inc hosp,quantile,0.75,391,COVID-19
DE,05-14,2022-04-06,2022-03-09,-28 day ahead inc hosp,quantile,0.75,267,COVID-19
DE,15-34,2022-04-06,2022-03-09,-28 day ahead inc hosp,quantile,0.75,1195,COVID-19
DE,35-59,2022-04-06,2022-03-09,-28 day ahead inc hosp,quantile,0.75,1746,COVID-19
DE,60-79,2022-04-06,2022-03-09,-28 day ahead inc hosp,quantile,0.75,2841,COVID-19
DE,80+,2022-04-06,2022-03-09,-28 day ahead inc hosp,quantile,0.75,3339,COVID-19
DE,00+,2022-04-06,2022-03-10,-27 day ahead inc hosp,quantile,0.75,9986,COVID-19
DE,00-04,2022-04-06,2022-03-10,-27 day ahead inc hosp,quantile,0.75,382,COVID-19
DE,05-14,2022-04-06,2022-03-10,-27 day ahead inc hosp,quantile,0.75,275,COVID-19
DE,15-34,2022-04-06,2022-03-10,-27 day ahead inc hosp,quantile,0.75,1193,COVID-19
DE,35-59,2022-04-06,2022-03-10,-27 day ahead inc hosp,quantile,0.75,1775,COVID-19
DE,60-79,2022-04-06,2022-03-10,-27 day ahead inc hosp,quantile,0.75,2925,COVID-19
DE,80+,2022-04-06,2022-03-10,-27 day ahead inc hosp,quantile,0.75,3441,COVID-19
DE,00+,2022-04-06,2022-03-11,-26 day ahead inc hosp,quantile,0.75,10258,COVID-19
DE,00-04,2022-04-06,2022-03-11,-26 day ahead inc hosp,quantile,0.75,398,COVID-19
DE,05-14,2022-04-06,2022-03-11,-26 day ahead inc hosp,quantile,0.75,270,COVID-19
DE,15-34,2022-04-06,2022-03-11,-26 day ahead inc hosp,quantile,0.75,1225,COVID-19
DE,35-59,2022-04-06,2022-03-11,-26 day ahead inc hosp,quantile,0.75,1828,COVID-19
DE,60-79,2022-04-06,2022-03-11,-26 day ahead inc hosp,quantile,0.75,2961,COVID-19
DE,80+,2022-04-06,2022-03-11,-26 day ahead inc hosp,quantile,0.75,3576,COVID-19
DE,00+,2022-04-06,2022-03-12,-25 day ahead inc hosp,quantile,0.75,10515,COVID-19
DE,00-04,2022-04-06,2022-03-12,-25 day ahead inc hosp,quantile,0.75,422,COVID-19
DE,05-14,2022-04-06,2022-03-12,-25 day ahead inc hosp,quantile,0.75,271,COVID-19
DE,15-34,2022-04-06,2022-03-12,-25 day ahead inc hosp,quantile,0.75,1222,COVID-19
DE,35-59,2022-04-06,2022-03-12,-25 day ahead inc hosp,quantile,0.75,1829,COVID-19
DE,60-79,2022-04-06,2022-03-12,-25 day ahead inc hosp,quantile,0.75,3042,COVID-19
DE,80+,2022-04-06,2022-03-12,-25 day ahead inc hosp,quantile,0.75,3729,COVID-19
DE,00+,2022-04-06,2022-03-13,-24 day ahead inc hosp,quantile,0.75,10670,COVID-19
DE,00-04,2022-04-06,2022-03-13,-24 day ahead inc hosp,quantile,0.75,452,COVID-19
DE,05-14,2022-04-06,2022-03-13,-24 day ahead inc hosp,quantile,0.75,280,COVID-19
DE,15-34,2022-04-06,2022-03-13,-24 day ahead inc hosp,quantile,0.75,1242,COVID-19
DE,35-59,2022-04-06,2022-03-13,-24 day ahead inc hosp,quantile,0.75,1829,COVID-19
DE,60-79,2022-04-06,2022-03-13,-24 day ahead inc hosp,quantile,0.75,3091,COVID-19
DE,80+,2022-04-06,2022-03-13,-24 day ahead inc hosp,quantile,0.75,3780,COVID-19
DE,00+,2022-04-06,2022-03-14,-23 day ahead inc hosp,quantile,0.75,10769,COVID-19
DE,00-04,2022-04-06,2022-03-14,-23 day ahead inc hosp,quantile,0.75,448,COVID-19
DE,05-14,2022-04-06,2022-03-14,-23 day ahead inc hosp,quantile,0.75,273,COVID-19
DE,15-34,2022-04-06,2022-03-14,-23 day ahead inc hosp,quantile,0.75,1249,COVID-19
DE,35-59,2022-04-06,2022-03-14,-23 day ahead inc hosp,quantile,0.75,1831,COVID-19
DE,60-79,2022-04-06,2022-03-14,-23 day ahead inc hosp,quantile,0.75,3134,COVID-19
DE,80+,2022-04-06,2022-03-14,-23 day ahead inc hosp,quantile,0.75,3845,COVID-19
DE,00+,2022-04-06,2022-03-15,-22 day ahead inc hosp,quantile,0.75,11206,COVID-19
DE,00-04,2022-04-06,2022-03-15,-22 day ahead inc hosp,quantile,0.75,479,COVID-19
DE,05-14,2022-04-06,2022-03-15,-22 day ahead inc hosp,quantile,0.75,283,COVID-19
DE,15-34,2022-04-06,2022-03-15,-22 day ahead inc hosp,quantile,0.75,1285,COVID-19
DE,35-59,2022-04-06,2022-03-15,-22 day ahead inc hosp,quantile,0.75,1926,COVID-19
DE,60-79,2022-04-06,2022-03-15,-22 day ahead inc hosp,quantile,0.75,3291,COVID-19
DE,80+,2022-04-06,2022-03-15,-22 day ahead inc hosp,quantile,0.75,3965,COVID-19
DE,00+,2022-04-06,2022-03-16,-21 day ahead inc hosp,quantile,0.75,11432,COVID-19
DE,00-04,2022-04-06,2022-03-16,-21 day ahead inc hosp,quantile,0.75,488,COVID-19
DE,05-14,2022-04-06,2022-03-16,-21 day ahead inc hosp,quantile,0.75,306,COVID-19
DE,15-34,2022-04-06,2022-03-16,-21 day ahead inc hosp,quantile,0.75,1276,COVID-19
DE,35-59,2022-04-06,2022-03-16,-21 day ahead inc hosp,quantile,0.75,1956,COVID-19
DE,60-79,2022-04-06,2022-03-16,-21 day ahead inc hosp,quantile,0.75,3360,COVID-19
DE,80+,2022-04-06,2022-03-16,-21 day ahead inc hosp,quantile,0.75,4073,COVID-19
DE,00+,2022-04-06,2022-03-17,-20 day ahead inc hosp,quantile,0.75,11691,COVID-19
DE,00-04,2022-04-06,2022-03-17,-20 day ahead inc hosp,quantile,0.75,479,COVID-19
DE,05-14,2022-04-06,2022-03-17,-20 day ahead inc hosp,quantile,0.75,313,COVID-19
DE,15-34,2022-04-06,2022-03-17,-20 day ahead inc hosp,quantile,0.75,1278,COVID-19
DE,35-59,2022-04-06,2022-03-17,-20 day ahead inc hosp,quantile,0.75,1980,COVID-19
DE,60-79,2022-04-06,2022-03-17,-20 day ahead inc hosp,quantile,0.75,3480,COVID-19
DE,80+,2022-04-06,2022-03-17,-20 day ahead inc hosp,quantile,0.75,4187,COVID-19
DE,00+,2022-04-06,2022-03-18,-19 day ahead inc hosp,quantile,0.75,11848,COVID-19
DE,00-04,2022-04-06,2022-03-18,-19 day ahead inc hosp,quantile,0.75,487,COVID-19
DE,05-14,2022-04-06,2022-03-18,-19 day ahead inc hosp,quantile,0.75,309,COVID-19
DE,15-34,2022-04-06,2022-03-18,-19 day ahead inc hosp,quantile,0.75,1266,COVID-19
DE,35-59,2022-04-06,2022-03-18,-19 day ahead inc hosp,quantile,0.75,1955,COVID-19
DE,60-79,2022-04-06,2022-03-18,-19 day ahead inc hosp,quantile,0.75,3620,COVID-19
DE,80+,2022-04-06,2022-03-18,-19 day ahead inc hosp,quantile,0.75,4240,COVID-19
DE,00+,2022-04-06,2022-03-19,-18 day ahead inc hosp,quantile,0.75,11947,COVID-19
DE,00-04,2022-04-06,2022-03-19,-18 day ahead inc hosp,quantile,0.75,483,COVID-19
DE,05-14,2022-04-06,2022-03-19,-18 day ahead inc hosp,quantile,0.75,313,COVID-19
DE,15-34,2022-04-06,2022-03-19,-18 day ahead inc hosp,quantile,0.75,1252,COVID-19
DE,35-59,2022-04-06,2022-03-19,-18 day ahead inc hosp,quantile,0.75,1992,COVID-19
DE,60-79,2022-04-06,2022-03-19,-18 day ahead inc hosp,quantile,0.75,3635,COVID-19
DE,80+,2022-04-06,2022-03-19,-18 day ahead inc hosp,quantile,0.75,4299.25,COVID-19
DE,00+,2022-04-06,2022-03-20,-17 day ahead inc hosp,quantile,0.75,11877,COVID-19
DE,00-04,2022-04-06,2022-03-20,-17 day ahead inc hosp,quantile,0.75,468,COVID-19
DE,05-14,2022-04-06,2022-03-20,-17 day ahead inc hosp,quantile,0.75,315,COVID-19
DE,15-34,2022-04-06,2022-03-20,-17 day ahead inc hosp,quantile,0.75,1197,COVID-19
DE,35-59,2022-04-06,2022-03-20,-17 day ahead inc hosp,quantile,0.75,1978,COVID-19
DE,60-79,2022-04-06,2022-03-20,-17 day ahead inc hosp,quantile,0.75,3670,COVID-19
DE,80+,2022-04-06,2022-03-20,-17 day ahead inc hosp,quantile,0.75,4319,COVID-19
DE,00+,2022-04-06,2022-03-21,-16 day ahead inc hosp,quantile,0.75,11867,COVID-19
DE,00-04,2022-04-06,2022-03-21,-16 day ahead inc hosp,quantile,0.75,473,COVID-19
DE,05-14,2022-04-06,2022-03-21,-16 day ahead inc hosp,quantile,0.75,323,COVID-19
DE,15-34,2022-04-06,2022-03-21,-16 day ahead inc hosp,quantile,0.75,1186,COVID-19
DE,35-59,2022-04-06,2022-03-21,-16 day ahead inc hosp,quantile,0.75,1984,COVID-19
DE,60-79,2022-04-06,2022-03-21,-16 day ahead inc hosp,quantile,0.75,3671,COVID-19
DE,80+,2022-04-06,2022-03-21,-16 day ahead inc hosp,quantile,0.75,4300,COVID-19
DE,00+,2022-04-06,2022-03-22,-15 day ahead inc hosp,quantile,0.75,11867,COVID-19
DE,00-04,2022-04-06,2022-03-22,-15 day ahead inc hosp,quantile,0.75,450,COVID-19
DE,05-14,2022-04-06,2022-03-22,-15 day ahead inc hosp,quantile,0.75,301,COVID-19
DE,15-34,2022-04-06,2022-03-22,-15 day ahead inc hosp,quantile,0.75,1156,COVID-19
DE,35-59,2022-04-06,2022-03-22,-15 day ahead inc hosp,quantile,0.75,1963,COVID-19
DE,60-79,2022-04-06,2022-03-22,-15 day ahead inc hosp,quantile,0.75,3671,COVID-19
DE,80+,2022-04-06,2022-03-22,-15 day ahead inc hosp,quantile,0.75,4354,COVID-19
DE,00+,2022-04-06,2022-03-23,-14 day ahead inc hosp,quantile,0.75,11984,COVID-19
DE,00-04,2022-04-06,2022-03-23,-14 day ahead inc hosp,quantile,0.75,444,COVID-19
DE,05-14,2022-04-06,2022-03-23,-14 day ahead inc hosp,quantile,0.75,286,COVID-19
DE,15-34,2022-04-06,2022-03-23,-14 day ahead inc hosp,quantile,0.75,1168,COVID-19
DE,35-59,2022-04-06,2022-03-23,-14 day ahead inc hosp,quantile,0.75,2004,COVID-19
DE,60-79,2022-04-06,2022-03-23,-14 day ahead inc hosp,quantile,0.75,3677,COVID-19
DE,80+,2022-04-06,2022-03-23,-14 day ahead inc hosp,quantile,0.75,4435,COVID-19
DE,00+,2022-04-06,2022-03-24,-13 day ahead inc hosp,quantile,0.75,11991,COVID-19
DE,00-04,2022-04-06,2022-03-24,-13 day ahead inc hosp,quantile,0.75,454,COVID-19
DE,05-14,2022-04-06,2022-03-24,-13 day ahead inc hosp,quantile,0.75,276,COVID-19
DE,15-34,2022-04-06,2022-03-24,-13 day ahead inc hosp,quantile,0.75,1180,COVID-19
DE,35-59,2022-04-06,2022-03-24,-13 day ahead inc hosp,quantile,0.75,1996,COVID-19
DE,60-79,2022-04-06,2022-03-24,-13 day ahead inc hosp,quantile,0.75,3731,COVID-19
DE,80+,2022-04-06,2022-03-24,-13 day ahead inc hosp,quantile,0.75,4382,COVID-19
DE,00+,2022-04-06,2022-03-25,-12 day ahead inc hosp,quantile,0.75,11957,COVID-19
DE,00-04,2022-04-06,2022-03-25,-12 day ahead inc hosp,quantile,0.75,463,COVID-19
DE,05-14,2022-04-06,2022-03-25,-12 day ahead inc hosp,quantile,0.75,278,COVID-19
DE,15-34,2022-04-06,2022-03-25,-12 day ahead inc hosp,quantile,0.75,1194,COVID-19
DE,35-59,2022-04-06,2022-03-25,-12 day ahead inc hosp,quantile,0.75,2035,COVID-19
DE,60-79,2022-04-06,2022-03-25,-12 day ahead inc hosp,quantile,0.75,3665.25,COVID-19
DE,80+,2022-04-06,2022-03-25,-12 day ahead inc hosp,quantile,0.75,4305.25,COVID-19
DE,00+,2022-04-06,2022-03-26,-11 day ahead inc hosp,quantile,0.75,11943,COVID-19
DE,00-04,2022-04-06,2022-03-26,-11 day ahead inc hosp,quantile,0.75,464,COVID-19
DE,05-14,2022-04-06,2022-03-26,-11 day ahead inc hosp,quantile,0.75,272,COVID-19
DE,15-34,2022-04-06,2022-03-26,-11 day ahead inc hosp,quantile,0.75,1206,COVID-19
DE,35-59,2022-04-06,2022-03-26,-11 day ahead inc hosp,quantile,0.75,2012,COVID-19
DE,60-79,2022-04-06,2022-03-26,-11 day ahead inc hosp,quantile,0.75,3672,COVID-19
DE,80+,2022-04-06,2022-03-26,-11 day ahead inc hosp,quantile,0.75,4249,COVID-19
DE,00+,2022-04-06,2022-03-27,-10 day ahead inc hosp,quantile,0.75,11919.25,COVID-19
DE,00-04,2022-04-06,2022-03-27,-10 day ahead inc hosp,quantile,0.75,448,COVID-19
DE,05-14,2022-04-06,2022-03-27,-10 day ahead inc hosp,quantile,0.75,262,COVID-19
DE,15-34,2022-04-06,2022-03-27,-10 day ahead inc hosp,quantile,0.75,1233,COVID-19
DE,35-59,2022-04-06,2022-03-27,-10 day ahead inc hosp,quantile,0.75,2009,COVID-19
DE,60-79,2022-04-06,2022-03-27,-10 day ahead inc hosp,quantile,0.75,3655,COVID-19
DE,80+,2022-04-06,2022-03-27,-10 day ahead inc hosp,quantile,0.75,4232,COVID-19
DE,00+,2022-04-06,2022-03-28,-9 day ahead inc hosp,quantile,0.75,11870,COVID-19
DE,00-04,2022-04-06,2022-03-28,-9 day ahead inc hosp,quantile,0.75,437,COVID-19
DE,05-14,2022-04-06,2022-03-28,-9 day ahead inc hosp,quantile,0.75,255,COVID-19
DE,15-34,2022-04-06,2022-03-28,-9 day ahead inc hosp,quantile,0.75,1239,COVID-19
DE,35-59,2022-04-06,2022-03-28,-9 day ahead inc hosp,quantile,0.75,1999,COVID-19
DE,60-79,2022-04-06,2022-03-28,-9 day ahead inc hosp,quantile,0.75,3638,COVID-19
DE,80+,2022-04-06,2022-03-28,-9 day ahead inc hosp,quantile,0.75,4229,COVID-19
DE,00+,2022-04-06,2022-03-29,-8 day ahead inc hosp,quantile,0.75,11782.25,COVID-19
DE,00-04,2022-04-06,2022-03-29,-8 day ahead inc hosp,quantile,0.75,439,COVID-19
DE,05-14,2022-04-06,2022-03-29,-8 day ahead inc hosp,quantile,0.75,256,COVID-19
DE,15-34,2022-04-06,2022-03-29,-8 day ahead inc hosp,quantile,0.75,1227,COVID-19
DE,35-59,2022-04-06,2022-03-29,-8 day ahead inc hosp,quantile,0.75,1984,COVID-19
DE,60-79,2022-04-06,2022-03-29,-8 day ahead inc hosp,quantile,0.75,3589,COVID-19
DE,80+,2022-04-06,2022-03-29,-8 day ahead inc hosp,quantile,0.75,4187,COVID-19
DE,00+,2022-04-06,2022-03-30,-7 day ahead inc hosp,quantile,0.75,11465,COVID-19
DE,00-04,2022-04-06,2022-03-30,-7 day ahead inc hosp,quantile,0.75,438,COVID-19
DE,05-14,2022-04-06,2022-03-30,-7 day ahead inc hosp,quantile,0.75,254,COVID-19
DE,15-34,2022-04-06,2022-03-30,-7 day ahead inc hosp,quantile,0.75,1184,COVID-19
DE,35-59,2022-04-06,2022-03-30,-7 day ahead inc hosp,quantile,0.75,1913,COVID-19
DE,60-79,2022-04-06,2022-03-30,-7 day ahead inc hosp,quantile,0.75,3540,COVID-19
DE,80+,2022-04-06,2022-03-30,-7 day ahead inc hosp,quantile,0.75,4073,COVID-19
DE,00+,2022-04-06,2022-03-31,-6 day ahead inc hosp,quantile,0.75,11149,COVID-19
DE,00-04,2022-04-06,2022-03-31,-6 day ahead inc hosp,quantile,0.75,431,COVID-19
DE,05-14,2022-04-06,2022-03-31,-6 day ahead inc hosp,quantile,0.75,249,COVID-19
DE,15-34,2022-04-06,2022-03-31,-6 day ahead inc hosp,quantile,0.75,1158,COVID-19
DE,35-59,2022-04-06,2022-03-31,-6 day ahead inc hosp,quantile,0.75,1881,COVID-19
DE,60-79,2022-04-06,2022-03-31,-6 day ahead inc hosp,quantile,0.75,3384,COVID-19
DE,80+,2022-04-06,2022-03-31,-6 day ahead inc hosp,quantile,0.75,4009,COVID-19
DE,00+,2022-04-06,2022-04-01,-5 day ahead inc hosp,quantile,0.75,10886,COVID-19
DE,00-04,2022-04-06,2022-04-01,-5 day ahead inc hosp,quantile,0.75,429,COVID-19
DE,05-14,2022-04-06,2022-04-01,-5 day ahead inc hosp,quantile,0.75,254,COVID-19
DE,15-34,2022-04-06,2022-04-01,-5 day ahead inc hosp,quantile,0.75,1137,COVID-19
DE,35-59,2022-04-06,2022-04-01,-5 day ahead inc hosp,quantile,0.75,1821,COVID-19
DE,60-79,2022-04-06,2022-04-01,-5 day ahead inc hosp,quantile,0.75,3341,COVID-19
DE,80+,2022-04-06,2022-04-01,-5 day ahead inc hosp,quantile,0.75,3936,COVID-19
DE,00+,2022-04-06,2022-04-02,-4 day ahead inc hosp,quantile,0.75,10537,COVID-19
DE,00-04,2022-04-06,2022-04-02,-4 day ahead inc hosp,quantile,0.75,426,COVID-19
DE,05-14,2022-04-06,2022-04-02,-4 day ahead inc hosp,quantile,0.75,258,COVID-19
DE,15-34,2022-04-06,2022-04-02,-4 day ahead inc hosp,quantile,0.75,1125,COVID-19
DE,35-59,2022-04-06,2022-04-02,-4 day ahead inc hosp,quantile,0.75,1821.25,COVID-19
DE,60-79,2022-04-06,2022-04-02,-4 day ahead inc hosp,quantile,0.75,3328,COVID-19
DE,80+,2022-04-06,2022-04-02,-4 day ahead inc hosp,quantile,0.75,3915,COVID-19
DE,00+,2022-04-06,2022-04-03,-3 day ahead inc hosp,quantile,0.75,10699,COVID-19
DE,00-04,2022-04-06,2022-04-03,-3 day ahead inc hosp,quantile,0.75,451,COVID-19
DE,05-14,2022-04-06,2022-04-03,-3 day ahead inc hosp,quantile,0.75,265,COVID-19
DE,15-34,2022-04-06,2022-04-03,-3 day ahead inc hosp,quantile,0.75,1165,COVID-19
DE,35-59,2022-04-06,2022-04-03,-3 day ahead inc hosp,quantile,0.75,1908,COVID-19
DE,60-79,2022-04-06,2022-04-03,-3 day ahead inc hosp,quantile,0.75,3396.25,COVID-19
DE,80+,2022-04-06,2022-04-03,-3 day ahead inc hosp,quantile,0.75,4000,COVID-19
DE,00+,2022-04-06,2022-04-04,-2 day ahead inc hosp,quantile,0.75,10992,COVID-19
DE,00-04,2022-04-06,2022-04-04,-2 day ahead inc hosp,quantile,0.75,473,COVID-19
DE,05-14,2022-04-06,2022-04-04,-2 day ahead inc hosp,quantile,0.75,277,COVID-19
DE,15-34,2022-04-06,2022-04-04,-2 day ahead inc hosp,quantile,0.75,1164,COVID-19
DE,35-59,2022-04-06,2022-04-04,-2 day ahead inc hosp,quantile,0.75,1953,COVID-19
DE,60-79,2022-04-06,2022-04-04,-2 day ahead inc hosp,quantile,0.75,3505,COVID-19
DE,80+,2022-04-06,2022-04-04,-2 day ahead inc hosp,quantile,0.75,4068,COVID-19
DE,00+,2022-04-06,2022-04-05,-1 day ahead inc hosp,quantile,0.75,11555.75,COVID-19
DE,00-04,2022-04-06,2022-04-05,-1 day ahead inc hosp,quantile,0.75,477,COVID-19
DE,05-14,2022-04-06,2022-04-05,-1 day ahead inc hosp,quantile,0.75,282,COVID-19
DE,15-34,2022-04-06,2022-04-05,-1 day ahead inc hosp,quantile,0.75,1143,COVID-19
DE,35-59,2022-04-06,2022-04-05,-1 day ahead inc hosp,quantile,0.75,1872.25,COVID-19
DE,60-79,2022-04-06,2022-04-05,-1 day ahead inc hosp,quantile,0.75,3400,COVID-19
DE,80+,2022-04-06,2022-04-05,-1 day ahead inc hosp,quantile,0.75,3966,COVID-19
DE,00+,2022-04-06,2022-04-06,0 day ahead inc hosp,quantile,0.75,11055.25,COVID-19
DE,00-04,2022-04-06,2022-04-06,0 day ahead inc hosp,quantile,0.75,450,COVID-19
DE,05-14,2022-04-06,2022-04-06,0 day ahead inc hosp,quantile,0.75,280,COVID-19
DE,15-34,2022-04-06,2022-04-06,0 day ahead inc hosp,quantile,0.75,1106,COVID-19
DE,35-59,2022-04-06,2022-04-06,0 day ahead inc hosp,quantile,0.75,1804,COVID-19
DE,60-79,2022-04-06,2022-04-06,0 day ahead inc hosp,quantile,0.75,3220.25,COVID-19
DE,80+,2022-04-06,2022-04-06,0 day ahead inc hosp,quantile,0.75,3751,COVID-19
DE,00+,2022-04-06,2022-03-09,-28 day ahead inc hosp,quantile,0.9,9794,COVID-19
DE,00-04,2022-04-06,2022-03-09,-28 day ahead inc hosp,quantile,0.9,393,COVID-19
DE,05-14,2022-04-06,2022-03-09,-28 day ahead inc hosp,quantile,0.9,269,COVID-19
DE,15-34,2022-04-06,2022-03-09,-28 day ahead inc hosp,quantile,0.9,1199,COVID-19
DE,35-59,2022-04-06,2022-03-09,-28 day ahead inc hosp,quantile,0.9,1751,COVID-19
DE,60-79,2022-04-06,2022-03-09,-28 day ahead inc hosp,quantile,0.9,2849,COVID-19
DE,80+,2022-04-06,2022-03-09,-28 day ahead inc hosp,quantile,0.9,3346,COVID-19
DE,00+,2022-04-06,2022-03-10,-27 day ahead inc hosp,quantile,0.9,10004,COVID-19
DE,00-04,2022-04-06,2022-03-10,-27 day ahead inc hosp,quantile,0.9,385,COVID-19
DE,05-14,2022-04-06,2022-03-10,-27 day ahead inc hosp,quantile,0.9,277,COVID-19
DE,15-34,2022-04-06,2022-03-10,-27 day ahead inc hosp,quantile,0.9,1197,COVID-19
DE,35-59,2022-04-06,2022-03-10,-27 day ahead inc hosp,quantile,0.9,1780,COVID-19
DE,60-79,2022-04-06,2022-03-10,-27 day ahead inc hosp,quantile,0.9,2932,COVID-19
DE,80+,2022-04-06,2022-03-10,-27 day ahead inc hosp,quantile,0.9,3450,COVID-19
DE,00+,2022-04-06,2022-03-11,-26 day ahead inc hosp,quantile,0.9,10278,COVID-19
DE,00-04,2022-04-06,2022-03-11,-26 day ahead inc hosp,quantile,0.9,401,COVID-19
DE,05-14,2022-04-06,2022-03-11,-26 day ahead inc hosp,quantile,0.9,271,COVID-19
DE,15-34,2022-04-06,2022-03-11,-26 day ahead inc hosp,quantile,0.9,1229,COVID-19
DE,35-59,2022-04-06,2022-03-11,-26 day ahead inc hosp,quantile,0.9,1834,COVID-19
DE,60-79,2022-04-06,2022-03-11,-26 day ahead inc hosp,quantile,0.9,2970,COVID-19
DE,80+,2022-04-06,2022-03-11,-26 day ahead inc hosp,quantile,0.9,3586,COVID-19
DE,00+,2022-04-06,2022-03-12,-25 day ahead inc hosp,quantile,0.9,10539.1,COVID-19
DE,00-04,2022-04-06,2022-03-12,-25 day ahead inc hosp,quantile,0.9,425,COVID-19
DE,05-14,2022-04-06,2022-03-12,-25 day ahead inc hosp,quantile,0.9,273,COVID-19
DE,15-34,2022-04-06,2022-03-12,-25 day ahead inc hosp,quantile,0.9,1227,COVID-19
DE,35-59,2022-04-06,2022-03-12,-25 day ahead inc hosp,quantile,0.9,1836,COVID-19
DE,60-79,2022-04-06,2022-03-12,-25 day ahead inc hosp,quantile,0.9,3053,COVID-19
DE,80+,2022-04-06,2022-03-12,-25 day ahead inc hosp,quantile,0.9,3739,COVID-19
DE,00+,2022-04-06,2022-03-13,-24 day ahead inc hosp,quantile,0.9,10696,COVID-19
DE,00-04,2022-04-06,2022-03-13,-24 day ahead inc hosp,quantile,0.9,455,COVID-19
DE,05-14,2022-04-06,2022-03-13,-24 day ahead inc hosp,quantile,0.9,282,COVID-19
DE,15-34,2022-04-06,2022-03-13,-24 day ahead inc hosp,quantile,0.9,1247,COVID-19
DE,35-59,2022-04-06,2022-03-13,-24 day ahead inc hosp,quantile,0.9,1836,COVID-19
DE,60-79,2022-04-06,2022-03-13,-24 day ahead inc hosp,quantile,0.9,3101,COVID-19
DE,80+,2022-04-06,2022-03-13,-24 day ahead inc hosp,quantile,0.9,3791,COVID-19
DE,00+,2022-04-06,2022-03-14,-23 day ahead inc hosp,quantile,0.9,10795,COVID-19
DE,00-04,2022-04-06,2022-03-14,-23 day ahead inc hosp,quantile,0.9,451,COVID-19
DE,05-14,2022-04-06,2022-03-14,-23 day ahead inc hosp,quantile,0.9,276,COVID-19
DE,15-34,2022-04-06,2022-03-14,-23 day ahead inc hosp,quantile,0.9,1254,COVID-19
DE,35-59,2022-04-06,2022-03-14,-23 day ahead inc hosp,quantile,0.9,1838,COVID-19
DE,60-79,2022-04-06,2022-03-14,-23 day ahead inc hosp,quantile,0.9,3146,COVID-19
DE,80+,2022-04-06,2022-03-14,-23 day ahead inc hosp,quantile,0.9,3857,COVID-19
DE,00+,2022-04-06,2022-03-15,-22 day ahead inc hosp,quantile,0.9,11232,COVID-19
DE,00-04,2022-04-06,2022-03-15,-22 day ahead inc hosp,quantile,0.9,483,COVID-19
DE,05-14,2022-04-06,2022-03-15,-22 day ahead inc hosp,quantile,0.9,286,COVID-19
DE,15-34,2022-04-06,2022-03-15,-22 day ahead inc hosp,quantile,0.9,1290.1,COVID-19
DE,35-59,2022-04-06,2022-03-15,-22 day ahead inc hosp,quantile,0.9,1933,COVID-19
DE,60-79,2022-04-06,2022-03-15,-22 day ahead inc hosp,quantile,0.9,3303,COVID-19
DE,80+,2022-04-06,2022-03-15,-22 day ahead inc hosp,quantile,0.9,3978,COVID-19
DE,00+,2022-04-06,2022-03-16,-21 day ahead inc hosp,quantile,0.9,11462,COVID-19
DE,00-04,2022-04-06,2022-03-16,-21 day ahead inc hosp,quantile,0.9,492,COVID-19
DE,05-14,2022-04-06,2022-03-16,-21 day ahead inc hosp,quantile,0.9,309,COVID-19
DE,15-34,2022-04-06,2022-03-16,-21 day ahead inc hosp,quantile,0.9,1282,COVID-19
DE,35-59,2022-04-06,2022-03-16,-21 day ahead inc hosp,quantile,0.9,1964,COVID-19
DE,60-79,2022-04-06,2022-03-16,-21 day ahead inc hosp,quantile,0.9,3373,COVID-19
DE,80+,2022-04-06,2022-03-16,-21 day ahead inc hosp,quantile,0.9,4089,COVID-19
DE,00+,2022-04-06,2022-03-17,-20 day ahead inc hosp,quantile,0.9,11725,COVID-19
DE,00-04,2022-04-06,2022-03-17,-20 day ahead inc hosp,quantile,0.9,483,COVID-19
DE,05-14,2022-04-06,2022-03-17,-20 day ahead inc hosp,quantile,0.9,316,COVID-19
DE,15-34,2022-04-06,2022-03-17,-20 day ahead inc hosp,quantile,0.9,1284,COVID-19
DE,35-59,2022-04-06,2022-03-17,-20 day ahead inc hosp,quantile,0.9,1989,COVID-19
DE,60-79,2022-04-06,2022-03-17,-20 day ahead inc hosp,quantile,0.9,3494,COVID-19
DE,80+,2022-04-06,2022-03-17,-20 day ahead inc hosp,quantile,0.9,4203,COVID-19
DE,00+,2022-04-06,2022-03-18,-19 day ahead inc hosp,quantile,0.9,11892,COVID-19
DE,00-04,2022-04-06,2022-03-18,-19 day ahead inc hosp,quantile,0.9,491,COVID-19
DE,05-14,2022-04-06,2022-03-18,-19 day ahead inc hosp,quantile,0.9,313,COVID-19
DE,15-34,2022-04-06,2022-03-18,-19 day ahead inc hosp,quantile,0.9,1273,COVID-19
DE,35-59,2022-04-06,2022-03-18,-19 day ahead inc hosp,quantile,0.9,1965,COVID-19
DE,60-79,2022-04-06,2022-03-18,-19 day ahead inc hosp,quantile,0.9,3637,COVID-19
DE,80+,2022-04-06,2022-03-18,-19 day ahead inc hosp,quantile,0.9,4258,COVID-19
DE,00+,2022-04-06,2022-03-19,-18 day ahead inc hosp,quantile,0.9,11993.1,COVID-19
DE,00-04,2022-04-06,2022-03-19,-18 day ahead inc hosp,quantile,0.9,487,COVID-19
DE,05-14,2022-04-06,2022-03-19,-18 day ahead inc hosp,quantile,0.9,317,COVID-19
DE,15-34,2022-04-06,2022-03-19,-18 day ahead inc hosp,quantile,0.9,1259,COVID-19
DE,35-59,2022-04-06,2022-03-19,-18 day ahead inc hosp,quantile,0.9,2002,COVID-19
DE,60-79,2022-04-06,2022-03-19,-18 day ahead inc hosp,quantile,0.9,3653,COVID-19
DE,80+,2022-04-06,2022-03-19,-18 day ahead inc hosp,quantile,0.9,4319,COVID-19
DE,00+,2022-04-06,2022-03-20,-17 day ahead inc hosp,quantile,0.9,11926,COVID-19
DE,00-04,2022-04-06,2022-03-20,-17 day ahead inc hosp,quantile,0.9,472,COVID-19
DE,05-14,2022-04-06,2022-03-20,-17 day ahead inc hosp,quantile,0.9,319,COVID-19
DE,15-34,2022-04-06,2022-03-20,-17 day ahead inc hosp,quantile,0.9,1205,COVID-19
DE,35-59,2022-04-06,2022-03-20,-17 day ahead inc hosp,quantile,0.9,1989,COVID-19
DE,60-79,2022-04-06,2022-03-20,-17 day ahead inc hosp,quantile,0.9,3689,COVID-19
DE,80+,2022-04-06,2022-03-20,-17 day ahead inc hosp,quantile,0.9,4340,COVID-19
DE,00+,2022-04-06,2022-03-21,-16 day ahead inc hosp,quantile,0.9,11918,COVID-19
DE,00-04,2022-04-06,2022-03-21,-16 day ahead inc hosp,quantile,0.9,477,COVID-19
DE,05-14,2022-04-06,2022-03-21,-16 day ahead inc hosp,quantile,0.9,327,COVID-19
DE,15-34,2022-04-06,2022-03-21,-16 day ahead inc hosp,quantile,0.9,1193,COVID-19
DE,35-59,2022-04-06,2022-03-21,-16 day ahead inc hosp,quantile,0.9,1996,COVID-19
DE,60-79,2022-04-06,2022-03-21,-16 day ahead inc hosp,quantile,0.9,3690,COVID-19
DE,80+,2022-04-06,2022-03-21,-16 day ahead inc hosp,quantile,0.9,4322,COVID-19
DE,00+,2022-04-06,2022-03-22,-15 day ahead inc hosp,quantile,0.9,11921,COVID-19
DE,00-04,2022-04-06,2022-03-22,-15 day ahead inc hosp,quantile,0.9,455,COVID-19
DE,05-14,2022-04-06,2022-03-22,-15 day ahead inc hosp,quantile,0.9,305,COVID-19
DE,15-34,2022-04-06,2022-03-22,-15 day ahead inc hosp,quantile,0.9,1165,COVID-19
DE,35-59,2022-04-06,2022-03-22,-15 day ahead inc hosp,quantile,0.9,1976,COVID-19
DE,60-79,2022-04-06,2022-03-22,-15 day ahead inc hosp,quantile,0.9,3692,COVID-19
DE,80+,2022-04-06,2022-03-22,-15 day ahead inc hosp,quantile,0.9,4381,COVID-19
DE,00+,2022-04-06,2022-03-23,-14 day ahead inc hosp,quantile,0.9,12053,COVID-19
DE,00-04,2022-04-06,2022-03-23,-14 day ahead inc hosp,quantile,0.9,450,COVID-19
DE,05-14,2022-04-06,2022-03-23,-14 day ahead inc hosp,quantile,0.9,291,COVID-19
DE,15-34,2022-04-06,2022-03-23,-14 day ahead inc hosp,quantile,0.9,1178,COVID-19
DE,35-59,2022-04-06,2022-03-23,-14 day ahead inc hosp,quantile,0.9,2019,COVID-19
DE,60-79,2022-04-06,2022-03-23,-14 day ahead inc hosp,quantile,0.9,3702,COVID-19
DE,80+,2022-04-06,2022-03-23,-14 day ahead inc hosp,quantile,0.9,4464,COVID-19
DE,00+,2022-04-06,2022-03-24,-13 day ahead inc hosp,quantile,0.9,12072,COVID-19
DE,00-04,2022-04-06,2022-03-24,-13 day ahead inc hosp,quantile,0.9,459,COVID-19
DE,05-14,2022-04-06,2022-03-24,-13 day ahead inc hosp,quantile,0.9,281,COVID-19
DE,15-34,2022-04-06,2022-03-24,-13 day ahead inc hosp,quantile,0.9,1192,COVID-19
DE,35-59,2022-04-06,2022-03-24,-13 day ahead inc hosp,quantile,0.9,2013,COVID-19
DE,60-79,2022-04-06,2022-03-24,-13 day ahead inc hosp,quantile,0.9,3758,COVID-19
DE,80+,2022-04-06,2022-03-24,-13 day ahead inc hosp,quantile,0.9,4415,COVID-19
DE,00+,2022-04-06,2022-03-25,-12 day ahead inc hosp,quantile,0.9,12041.1,COVID-19
DE,00-04,2022-04-06,2022-03-25,-12 day ahead inc hosp,quantile,0.9,469,COVID-19
DE,05-14,2022-04-06,2022-03-25,-12 day ahead inc hosp,quantile,0.9,283,COVID-19
DE,15-34,2022-04-06,2022-03-25,-12 day ahead inc hosp,quantile,0.9,1207,COVID-19
DE,35-59,2022-04-06,2022-03-25,-12 day ahead inc hosp,quantile,0.9,2054,COVID-19
DE,60-79,2022-04-06,2022-03-25,-12 day ahead inc hosp,quantile,0.9,3696,COVID-19
DE,80+,2022-04-06,2022-03-25,-12 day ahead inc hosp,quantile,0.9,4343,COVID-19
DE,00+,2022-04-06,2022-03-26,-11 day ahead inc hosp,quantile,0.9,12042,COVID-19
DE,00-04,2022-04-06,2022-03-26,-11 day ahead inc hosp,quantile,0.9,470,COVID-19
DE,05-14,2022-04-06,2022-03-26,-11 day ahead inc hosp,quantile,0.9,277,COVID-19
DE,15-34,2022-04-06,2022-03-26,-11 day ahead inc hosp,quantile,0.9,1218.1,COVID-19
DE,35-59,2022-04-06,2022-03-26,-11 day ahead inc hosp,quantile,0.9,2031,COVID-19
DE,60-79,2022-04-06,2022-03-26,-11 day ahead inc hosp,quantile,0.9,3704.1,COVID-19
DE,80+,2022-04-06,2022-03-26,-11 day ahead inc hosp,quantile,0.9,4287,COVID-19
DE,00+,2022-04-06,2022-03-27,-10 day ahead inc hosp,quantile,0.9,12018.1,COVID-19
DE,00-04,2022-04-06,2022-03-27,-10 day ahead inc hosp,quantile,0.9,454,COVID-19
DE,05-14,2022-04-06,2022-03-27,-10 day ahead inc hosp,quantile,0.9,267,COVID-19
DE,15-34,2022-04-06,2022-03-27,-10 day ahead inc hosp,quantile,0.9,1247,COVID-19
DE,35-59,2022-04-06,2022-03-27,-10 day ahead inc hosp,quantile,0.9,2027,COVID-19
DE,60-79,2022-04-06,2022-03-27,-10 day ahead inc hosp,quantile,0.9,3689,COVID-19
DE,80+,2022-04-06,2022-03-27,-10 day ahead inc hosp,quantile,0.9,4271,COVID-19
DE,00+,2022-04-06,2022-03-28,-9 day ahead inc hosp,quantile,0.9,11965.1,COVID-19
DE,00-04,2022-04-06,2022-03-28,-9 day ahead inc hosp,quantile,0.9,443,COVID-19
DE,05-14,2022-04-06,2022-03-28,-9 day ahead inc hosp,quantile,0.9,260,COVID-19
DE,15-34,2022-04-06,2022-03-28,-9 day ahead inc hosp,quantile,0.9,1254,COVID-19
DE,35-59,2022-04-06,2022-03-28,-9 day ahead inc hosp,quantile,0.9,2018,COVID-19
DE,60-79,2022-04-06,2022-03-28,-9 day ahead inc hosp,quantile,0.9,3672.1,COVID-19
DE,80+,2022-04-06,2022-03-28,-9 day ahead inc hosp,quantile,0.9,4268,COVID-19
DE,00+,2022-04-06,2022-03-29,-8 day ahead inc hosp,quantile,0.9,11890,COVID-19
DE,00-04,2022-04-06,2022-03-29,-8 day ahead inc hosp,quantile,0.9,446,COVID-19
DE,05-14,2022-04-06,2022-03-29,-8 day ahead inc hosp,quantile,0.9,261,COVID-19
DE,15-34,2022-04-06,2022-03-29,-8 day ahead inc hosp,quantile,0.9,1242,COVID-19
DE,35-59,2022-04-06,2022-03-29,-8 day ahead inc hosp,quantile,0.9,2004,COVID-19
DE,60-79,2022-04-06,2022-03-29,-8 day ahead inc hosp,quantile,0.9,3623,COVID-19
DE,80+,2022-04-06,2022-03-29,-8 day ahead inc hosp,quantile,0.9,4223.1,COVID-19
DE,00+,2022-04-06,2022-03-30,-7 day ahead inc hosp,quantile,0.9,11573.1,COVID-19
DE,00-04,2022-04-06,2022-03-30,-7 day ahead inc hosp,quantile,0.9,445,COVID-19
DE,05-14,2022-04-06,2022-03-30,-7 day ahead inc hosp,quantile,0.9,259,COVID-19
DE,15-34,2022-04-06,2022-03-30,-7 day ahead inc hosp,quantile,0.9,1200,COVID-19
DE,35-59,2022-04-06,2022-03-30,-7 day ahead inc hosp,quantile,0.9,1936,COVID-19
DE,60-79,2022-04-06,2022-03-30,-7 day ahead inc hosp,quantile,0.9,3578,COVID-19
DE,80+,2022-04-06,2022-03-30,-7 day ahead inc hosp,quantile,0.9,4116,COVID-19
DE,00+,2022-04-06,2022-03-31,-6 day ahead inc hosp,quantile,0.9,11264.2,COVID-19
DE,00-04,2022-04-06,2022-03-31,-6 day ahead inc hosp,quantile,0.9,439,COVID-19
DE,05-14,2022-04-06,2022-03-31,-6 day ahead inc hosp,quantile,0.9,256,COVID-19
DE,15-34,2022-04-06,2022-03-31,-6 day ahead inc hosp,quantile,0.9,1176,COVID-19
DE,35-59,2022-04-06,2022-03-31,-6 day ahead inc hosp,quantile,0.9,1910.1,COVID-19
DE,60-79,2022-04-06,2022-03-31,-6 day ahead inc hosp,quantile,0.9,3428,COVID-19
DE,80+,2022-04-06,2022-03-31,-6 day ahead inc hosp,quantile,0.9,4065,COVID-19
DE,00+,2022-04-06,2022-04-01,-5 day ahead inc hosp,quantile,0.9,11039,COVID-19
DE,00-04,2022-04-06,2022-04-01,-5 day ahead inc hosp,quantile,0.9,438,COVID-19
DE,05-14,2022-04-06,2022-04-01,-5 day ahead inc hosp,quantile,0.9,261,COVID-19
DE,15-34,2022-04-06,2022-04-01,-5 day ahead inc hosp,quantile,0.9,1159,COVID-19
DE,35-59,2022-04-06,2022-04-01,-5 day ahead inc hosp,quantile,0.9,1852,COVID-19
DE,60-79,2022-04-06,2022-04-01,-5 day ahead inc hosp,quantile,0.9,3392,COVID-19
DE,80+,2022-04-06,2022-04-01,-5 day ahead inc hosp,quantile,0.9,4001.1,COVID-19
DE,00+,2022-04-06,2022-04-02,-4 day ahead inc hosp,quantile,0.9,10709,COVID-19
DE,00-04,2022-04-06,2022-04-02,-4 day ahead inc hosp,quantile,0.9,436,COVID-19
DE,05-14,2022-04-06,2022-04-02,-4 day ahead inc hosp,quantile,0.9,267,COVID-19
DE,15-34,2022-04-06,2022-04-02,-4 day ahead inc hosp,quantile,0.9,1153,COVID-19
DE,35-59,2022-04-06,2022-04-02,-4 day ahead inc hosp,quantile,0.9,1864,COVID-19
DE,60-79,2022-04-06,2022-04-02,-4 day ahead inc hosp,quantile,0.9,3405,COVID-19
DE,80+,2022-04-06,2022-04-02,-4 day ahead inc hosp,quantile,0.9,4004,COVID-19
DE,00+,2022-04-06,2022-04-03,-3 day ahead inc hosp,quantile,0.9,10931.2,COVID-19
DE,00-04,2022-04-06,2022-04-03,-3 day ahead inc hosp,quantile,0.9,465,COVID-19
DE,05-14,2022-04-06,2022-04-03,-3 day ahead inc hosp,quantile,0.9,276,COVID-19
DE,15-34,2022-04-06,2022-04-03,-3 day ahead inc hosp,quantile,0.9,1196.1,COVID-19
DE,35-59,2022-04-06,2022-04-03,-3 day ahead inc hosp,quantile,0.9,1966.1,COVID-19
DE,60-79,2022-04-06,2022-04-03,-3 day ahead inc hosp,quantile,0.9,3492,COVID-19
DE,80+,2022-04-06,2022-04-03,-3 day ahead inc hosp,quantile,0.9,4106,COVID-19
DE,00+,2022-04-06,2022-04-04,-2 day ahead inc hosp,quantile,0.9,11251.1,COVID-19
DE,00-04,2022-04-06,2022-04-04,-2 day ahead inc hosp,quantile,0.9,488,COVID-19
DE,05-14,2022-04-06,2022-04-04,-2 day ahead inc hosp,quantile,0.9,290,COVID-19
DE,15-34,2022-04-06,2022-04-04,-2 day ahead inc hosp,quantile,0.9,1204,COVID-19
DE,35-59,2022-04-06,2022-04-04,-2 day ahead inc hosp,quantile,0.9,2018.1,COVID-19
DE,60-79,2022-04-06,2022-04-04,-2 day ahead inc hosp,quantile,0.9,3619.1,COVID-19
DE,80+,2022-04-06,2022-04-04,-2 day ahead inc hosp,quantile,0.9,4204,COVID-19
DE,00+,2022-04-06,2022-04-05,-1 day ahead inc hosp,quantile,0.9,12011,COVID-19
DE,00-04,2022-04-06,2022-04-05,-1 day ahead inc hosp,quantile,0.9,502,COVID-19
DE,05-14,2022-04-06,2022-04-05,-1 day ahead inc hosp,quantile,0.9,301,COVID-19
DE,15-34,2022-04-06,2022-04-05,-1 day ahead inc hosp,quantile,0.9,1197,COVID-19
DE,35-59,2022-04-06,2022-04-05,-1 day ahead inc hosp,quantile,0.9,1960.1,COVID-19
DE,60-79,2022-04-06,2022-04-05,-1 day ahead inc hosp,quantile,0.9,3565,COVID-19
DE,80+,2022-04-06,2022-04-05,-1 day ahead inc hosp,quantile,0.9,4168.1,COVID-19
DE,00+,2022-04-06,2022-04-06,0 day ahead inc hosp,quantile,0.9,11692,COVID-19
DE,00-04,2022-04-06,2022-04-06,0 day ahead inc hosp,quantile,0.9,478,COVID-19
DE,05-14,2022-04-06,2022-04-06,0 day ahead inc hosp,quantile,0.9,307,COVID-19
DE,15-34,2022-04-06,2022-04-06,0 day ahead inc hosp,quantile,0.9,1191,COVID-19
DE,35-59,2022-04-06,2022-04-06,0 day ahead inc hosp,quantile,0.9,1949.1,COVID-19
DE,60-79,2022-04-06,2022-04-06,0 day ahead inc hosp,quantile,0.9,3487.4,COVID-19
DE,80+,2022-04-06,2022-04-06,0 day ahead inc hosp,quantile,0.9,4050,COVID-19
DE,00+,2022-04-06,2022-03-09,-28 day ahead inc hosp,quantile,0.975,9814.025,COVID-19
DE,00-04,2022-04-06,2022-03-09,-28 day ahead inc hosp,quantile,0.975,395,COVID-19
DE,05-14,2022-04-06,2022-03-09,-28 day ahead inc hosp,quantile,0.975,271,COVID-19
DE,15-34,2022-04-06,2022-03-09,-28 day ahead inc hosp,quantile,0.975,1203,COVID-19
DE,35-59,2022-04-06,2022-03-09,-28 day ahead inc hosp,quantile,0.975,1757,COVID-19
DE,60-79,2022-04-06,2022-03-09,-28 day ahead inc hosp,quantile,0.975,2857,COVID-19
DE,80+,2022-04-06,2022-03-09,-28 day ahead inc hosp,quantile,0.975,3355,COVID-19
DE,00+,2022-04-06,2022-03-10,-27 day ahead inc hosp,quantile,0.975,10028.025,COVID-19
DE,00-04,2022-04-06,2022-03-10,-27 day ahead inc hosp,quantile,0.975,387,COVID-19
DE,05-14,2022-04-06,2022-03-10,-27 day ahead inc hosp,quantile,0.975,279.025,COVID-19
DE,15-34,2022-04-06,2022-03-10,-27 day ahead inc hosp,quantile,0.975,1203,COVID-19
DE,35-59,2022-04-06,2022-03-10,-27 day ahead inc hosp,quantile,0.975,1786,COVID-19
DE,60-79,2022-04-06,2022-03-10,-27 day ahead inc hosp,quantile,0.975,2941,COVID-19
DE,80+,2022-04-06,2022-03-10,-27 day ahead inc hosp,quantile,0.975,3460,COVID-19
DE,00+,2022-04-06,2022-03-11,-26 day ahead inc hosp,quantile,0.975,10306.025,COVID-19
DE,00-04,2022-04-06,2022-03-11,-26 day ahead inc hosp,quantile,0.975,404,COVID-19
DE,05-14,2022-04-06,2022-03-11,-26 day ahead inc hosp,quantile,0.975,274,COVID-19
DE,15-34,2022-04-06,2022-03-11,-26 day ahead inc hosp,quantile,0.975,1235,COVID-19
DE,35-59,2022-04-06,2022-03-11,-26 day ahead inc hosp,quantile,0.975,1842,COVID-19
DE,60-79,2022-04-06,2022-03-11,-26 day ahead inc hosp,quantile,0.975,2980,COVID-19
DE,80+,2022-04-06,2022-03-11,-26 day ahead inc hosp,quantile,0.975,3599,COVID-19
DE,00+,2022-04-06,2022-03-12,-25 day ahead inc hosp,quantile,0.975,10566.025,COVID-19
DE,00-04,2022-04-06,2022-03-12,-25 day ahead inc hosp,quantile,0.975,429,COVID-19
DE,05-14,2022-04-06,2022-03-12,-25 day ahead inc hosp,quantile,0.975,276,COVID-19
DE,15-34,2022-04-06,2022-03-12,-25 day ahead inc hosp,quantile,0.975,1233,COVID-19
DE,35-59,2022-04-06,2022-03-12,-25 day ahead inc hosp,quantile,0.975,1843,COVID-19
DE,60-79,2022-04-06,2022-03-12,-25 day ahead inc hosp,quantile,0.975,3064,COVID-19
DE,80+,2022-04-06,2022-03-12,-25 day ahead inc hosp,quantile,0.975,3751,COVID-19
DE,00+,2022-04-06,2022-03-13,-24 day ahead inc hosp,quantile,0.975,10724.025,COVID-19
DE,00-04,2022-04-06,2022-03-13,-24 day ahead inc hosp,quantile,0.975,459,COVID-19
DE,05-14,2022-04-06,2022-03-13,-24 day ahead inc hosp,quantile,0.975,285,COVID-19
DE,15-34,2022-04-06,2022-03-13,-24 day ahead inc hosp,quantile,0.975,1254,COVID-19
DE,35-59,2022-04-06,2022-03-13,-24 day ahead inc hosp,quantile,0.975,1844,COVID-19
DE,60-79,2022-04-06,2022-03-13,-24 day ahead inc hosp,quantile,0.975,3112,COVID-19
DE,80+,2022-04-06,2022-03-13,-24 day ahead inc hosp,quantile,0.975,3805,COVID-19
DE,00+,2022-04-06,2022-03-14,-23 day ahead inc hosp,quantile,0.975,10825.025,COVID-19
DE,00-04,2022-04-06,2022-03-14,-23 day ahead inc hosp,quantile,0.975,455,COVID-19
DE,05-14,2022-04-06,2022-03-14,-23 day ahead inc hosp,quantile,0.975,279,COVID-19
DE,15-34,2022-04-06,2022-03-14,-23 day ahead inc hosp,quantile,0.975,1261,COVID-19
DE,35-59,2022-04-06,2022-03-14,-23 day ahead inc hosp,quantile,0.975,1846,COVID-19
DE,60-79,2022-04-06,2022-03-14,-23 day ahead inc hosp,quantile,0.975,3157,COVID-19
DE,80+,2022-04-06,2022-03-14,-23 day ahead inc hosp,quantile,0.975,3869,COVID-19
DE,00+,2022-04-06,2022-03-15,-22 day ahead inc hosp,quantile,0.975,11266.025,COVID-19
DE,00-04,2022-04-06,2022-03-15,-22 day ahead inc hosp,quantile,0.975,487,COVID-19
DE,05-14,2022-04-06,2022-03-15,-22 day ahead inc hosp,quantile,0.975,289,COVID-19
DE,15-34,2022-04-06,2022-03-15,-22 day ahead inc hosp,quantile,0.975,1297,COVID-19
DE,35-59,2022-04-06,2022-03-15,-22 day ahead inc hosp,quantile,0.975,1941,COVID-19
DE,60-79,2022-04-06,2022-03-15,-22 day ahead inc hosp,quantile,0.975,3316,COVID-19
DE,80+,2022-04-06,2022-03-15,-22 day ahead inc hosp,quantile,0.975,3992.025,COVID-19
DE,00+,2022-04-06,2022-03-16,-21 day ahead inc hosp,quantile,0.975,11496.025,COVID-19
DE,00-04,2022-04-06,2022-03-16,-21 day ahead inc hosp,quantile,0.975,496,COVID-19
DE,05-14,2022-04-06,2022-03-16,-21 day ahead inc hosp,quantile,0.975,312,COVID-19
DE,15-34,2022-04-06,2022-03-16,-21 day ahead inc hosp,quantile,0.975,1290,COVID-19
DE,35-59,2022-04-06,2022-03-16,-21 day ahead inc hosp,quantile,0.975,1973,COVID-19
DE,60-79,2022-04-06,2022-03-16,-21 day ahead inc hosp,quantile,0.975,3387,COVID-19
DE,80+,2022-04-06,2022-03-16,-21 day ahead inc hosp,quantile,0.975,4104,COVID-19
DE,00+,2022-04-06,2022-03-17,-20 day ahead inc hosp,quantile,0.975,11765,COVID-19
DE,00-04,2022-04-06,2022-03-17,-20 day ahead inc hosp,quantile,0.975,487,COVID-19
DE,05-14,2022-04-06,2022-03-17,-20 day ahead inc hosp,quantile,0.975,319,COVID-19
DE,15-34,2022-04-06,2022-03-17,-20 day ahead inc hosp,quantile,0.975,1292.025,COVID-19
DE,35-59,2022-04-06,2022-03-17,-20 day ahead inc hosp,quantile,0.975,1999,COVID-19
DE,60-79,2022-04-06,2022-03-17,-20 day ahead inc hosp,quantile,0.975,3509,COVID-19
DE,80+,2022-04-06,2022-03-17,-20 day ahead inc hosp,quantile,0.975,4222.025,COVID-19
DE,00+,2022-04-06,2022-03-18,-19 day ahead inc hosp,quantile,0.975,11937.025,COVID-19
DE,00-04,2022-04-06,2022-03-18,-19 day ahead inc hosp,quantile,0.975,496,COVID-19
DE,05-14,2022-04-06,2022-03-18,-19 day ahead inc hosp,quantile,0.975,316,COVID-19
DE,15-34,2022-04-06,2022-03-18,-19 day ahead inc hosp,quantile,0.975,1280.025,COVID-19
DE,35-59,2022-04-06,2022-03-18,-19 day ahead inc hosp,quantile,0.975,1977.025,COVID-19
DE,60-79,2022-04-06,2022-03-18,-19 day ahead inc hosp,quantile,0.975,3656,COVID-19
DE,80+,2022-04-06,2022-03-18,-19 day ahead inc hosp,quantile,0.975,4278,COVID-19
DE,00+,2022-04-06,2022-03-19,-18 day ahead inc hosp,quantile,0.975,12046.025,COVID-19
DE,00-04,2022-04-06,2022-03-19,-18 day ahead inc hosp,quantile,0.975,493,COVID-19
DE,05-14,2022-04-06,2022-03-19,-18 day ahead inc hosp,quantile,0.975,321,COVID-19
DE,15-34,2022-04-06,2022-03-19,-18 day ahead inc hosp,quantile,0.975,1267.025,COVID-19
DE,35-59,2022-04-06,2022-03-19,-18 day ahead inc hosp,quantile,0.975,2016,COVID-19
DE,60-79,2022-04-06,2022-03-19,-18 day ahead inc hosp,quantile,0.975,3673,COVID-19
DE,80+,2022-04-06,2022-03-19,-18 day ahead inc hosp,quantile,0.975,4346.025,COVID-19
DE,00+,2022-04-06,2022-03-20,-17 day ahead inc hosp,quantile,0.975,11981.025,COVID-19
DE,00-04,2022-04-06,2022-03-20,-17 day ahead inc hosp,quantile,0.975,478,COVID-19
DE,05-14,2022-04-06,2022-03-20,-17 day ahead inc hosp,quantile,0.975,323,COVID-19
DE,15-34,2022-04-06,2022-03-20,-17 day ahead inc hosp,quantile,0.975,1213,COVID-19
DE,35-59,2022-04-06,2022-03-20,-17 day ahead inc hosp,quantile,0.975,2001.025,COVID-19
DE,60-79,2022-04-06,2022-03-20,-17 day ahead inc hosp,quantile,0.975,3708.025,COVID-19
DE,80+,2022-04-06,2022-03-20,-17 day ahead inc hosp,quantile,0.975,4368,COVID-19
DE,00+,2022-04-06,2022-03-21,-16 day ahead inc hosp,quantile,0.975,11976.025,COVID-19
DE,00-04,2022-04-06,2022-03-21,-16 day ahead inc hosp,quantile,0.975,483,COVID-19
DE,05-14,2022-04-06,2022-03-21,-16 day ahead inc hosp,quantile,0.975,332,COVID-19
DE,15-34,2022-04-06,2022-03-21,-16 day ahead inc hosp,quantile,0.975,1202,COVID-19
DE,35-59,2022-04-06,2022-03-21,-16 day ahead inc hosp,quantile,0.975,2011,COVID-19
DE,60-79,2022-04-06,2022-03-21,-16 day ahead inc hosp,quantile,0.975,3716,COVID-19
DE,80+,2022-04-06,2022-03-21,-16 day ahead inc hosp,quantile,0.975,4352,COVID-19
DE,00+,2022-04-06,2022-03-22,-15 day ahead inc hosp,quantile,0.975,11991,COVID-19
DE,00-04,2022-04-06,2022-03-22,-15 day ahead inc hosp,quantile,0.975,461,COVID-19
DE,05-14,2022-04-06,2022-03-22,-15 day ahead inc hosp,quantile,0.975,310,COVID-19
DE,15-34,2022-04-06,2022-03-22,-15 day ahead inc hosp,quantile,0.975,1175,COVID-19
DE,35-59,2022-04-06,2022-03-22,-15 day ahead inc hosp,quantile,0.975,1991,COVID-19
DE,60-79,2022-04-06,2022-03-22,-15 day ahead inc hosp,quantile,0.975,3714.025,COVID-19
DE,80+,2022-04-06,2022-03-22,-15 day ahead inc hosp,quantile,0.975,4412.025,COVID-19
DE,00+,2022-04-06,2022-03-23,-14 day ahead inc hosp,quantile,0.975,12134.025,COVID-19
DE,00-04,2022-04-06,2022-03-23,-14 day ahead inc hosp,quantile,0.975,456,COVID-19
DE,05-14,2022-04-06,2022-03-23,-14 day ahead inc hosp,quantile,0.975,296,COVID-19
DE,15-34,2022-04-06,2022-03-23,-14 day ahead inc hosp,quantile,0.975,1188.025,COVID-19
DE,35-59,2022-04-06,2022-03-23,-14 day ahead inc hosp,quantile,0.975,2036,COVID-19
DE,60-79,2022-04-06,2022-03-23,-14 day ahead inc hosp,quantile,0.975,3734,COVID-19
DE,80+,2022-04-06,2022-03-23,-14 day ahead inc hosp,quantile,0.975,4495.025,COVID-19
DE,00+,2022-04-06,2022-03-24,-13 day ahead inc hosp,quantile,0.975,12167.025,COVID-19
DE,00-04,2022-04-06,2022-03-24,-13 day ahead inc hosp,quantile,0.975,467,COVID-19
DE,05-14,2022-04-06,2022-03-24,-13 day ahead inc hosp,quantile,0.975,286,COVID-19
DE,15-34,2022-04-06,2022-03-24,-13 day ahead inc hosp,quantile,0.975,1206,COVID-19
DE,35-59,2022-04-06,2022-03-24,-13 day ahead inc hosp,quantile,0.975,2031,COVID-19
DE,60-79,2022-04-06,2022-03-24,-13 day ahead inc hosp,quantile,0.975,3791,COVID-19
DE,80+,2022-04-06,2022-03-24,-13 day ahead inc hosp,quantile,0.975,4448,COVID-19
DE,00+,2022-04-06,2022-03-25,-12 day ahead inc hosp,quantile,0.975,12131,COVID-19
DE,00-04,2022-04-06,2022-03-25,-12 day ahead inc hosp,quantile,0.975,477,COVID-19
DE,05-14,2022-04-06,2022-03-25,-12 day ahead inc hosp,quantile,0.975,289,COVID-19
DE,15-34,2022-04-06,2022-03-25,-12 day ahead inc hosp,quantile,0.975,1222,COVID-19
DE,35-59,2022-04-06,2022-03-25,-12 day ahead inc hosp,quantile,0.975,2076,COVID-19
DE,60-79,2022-04-06,2022-03-25,-12 day ahead inc hosp,quantile,0.975,3731,COVID-19
DE,80+,2022-04-06,2022-03-25,-12 day ahead inc hosp,quantile,0.975,4382.025,COVID-19
DE,00+,2022-04-06,2022-03-26,-11 day ahead inc hosp,quantile,0.975,12165.025,COVID-19
DE,00-04,2022-04-06,2022-03-26,-11 day ahead inc hosp,quantile,0.975,478.025,COVID-19
DE,05-14,2022-04-06,2022-03-26,-11 day ahead inc hosp,quantile,0.975,283,COVID-19
DE,15-34,2022-04-06,2022-03-26,-11 day ahead inc hosp,quantile,0.975,1234.025,COVID-19
DE,35-59,2022-04-06,2022-03-26,-11 day ahead inc hosp,quantile,0.975,2054,COVID-19
DE,60-79,2022-04-06,2022-03-26,-11 day ahead inc hosp,quantile,0.975,3751.025,COVID-19
DE,80+,2022-04-06,2022-03-26,-11 day ahead inc hosp,quantile,0.975,4325.025,COVID-19
DE,00+,2022-04-06,2022-03-27,-10 day ahead inc hosp,quantile,0.975,12145.025,COVID-19
DE,00-04,2022-04-06,2022-03-27,-10 day ahead inc hosp,quantile,0.975,462.025,COVID-19
DE,05-14,2022-04-06,2022-03-27,-10 day ahead inc hosp,quantile,0.975,274,COVID-19
DE,15-34,2022-04-06,2022-03-27,-10 day ahead inc hosp,quantile,0.975,1262,COVID-19
DE,35-59,2022-04-06,2022-03-27,-10 day ahead inc hosp,quantile,0.975,2050,COVID-19
DE,60-79,2022-04-06,2022-03-27,-10 day ahead inc hosp,quantile,0.975,3731,COVID-19
DE,80+,2022-04-06,2022-03-27,-10 day ahead inc hosp,quantile,0.975,4313.025,COVID-19
DE,00+,2022-04-06,2022-03-28,-9 day ahead inc hosp,quantile,0.975,12076.05,COVID-19
DE,00-04,2022-04-06,2022-03-28,-9 day ahead inc hosp,quantile,0.975,451,COVID-19
DE,05-14,2022-04-06,2022-03-28,-9 day ahead inc hosp,quantile,0.975,267,COVID-19
DE,15-34,2022-04-06,2022-03-28,-9 day ahead inc hosp,quantile,0.975,1269,COVID-19
DE,35-59,2022-04-06,2022-03-28,-9 day ahead inc hosp,quantile,0.975,2040.025,COVID-19
DE,60-79,2022-04-06,2022-03-28,-9 day ahead inc hosp,quantile,0.975,3716.025,COVID-19
DE,80+,2022-04-06,2022-03-28,-9 day ahead inc hosp,quantile,0.975,4308.025,COVID-19
DE,00+,2022-04-06,2022-03-29,-8 day ahead inc hosp,quantile,0.975,12000.125,COVID-19
DE,00-04,2022-04-06,2022-03-29,-8 day ahead inc hosp,quantile,0.975,454,COVID-19
DE,05-14,2022-04-06,2022-03-29,-8 day ahead inc hosp,quantile,0.975,268,COVID-19
DE,15-34,2022-04-06,2022-03-29,-8 day ahead inc hosp,quantile,0.975,1259.025,COVID-19
DE,35-59,2022-04-06,2022-03-29,-8 day ahead inc hosp,quantile,0.975,2027,COVID-19
DE,60-79,2022-04-06,2022-03-29,-8 day ahead inc hosp,quantile,0.975,3666,COVID-19
DE,80+,2022-04-06,2022-03-29,-8 day ahead inc hosp,quantile,0.975,4268,COVID-19
DE,00+,2022-04-06,2022-03-30,-7 day ahead inc hosp,quantile,0.975,11693.025,COVID-19
DE,00-04,2022-04-06,2022-03-30,-7 day ahead inc hosp,quantile,0.975,452,COVID-19
DE,05-14,2022-04-06,2022-03-30,-7 day ahead inc hosp,quantile,0.975,266,COVID-19
DE,15-34,2022-04-06,2022-03-30,-7 day ahead inc hosp,quantile,0.975,1217,COVID-19
DE,35-59,2022-04-06,2022-03-30,-7 day ahead inc hosp,quantile,0.975,1963,COVID-19
DE,60-79,2022-04-06,2022-03-30,-7 day ahead inc hosp,quantile,0.975,3626.025,COVID-19
DE,80+,2022-04-06,2022-03-30,-7 day ahead inc hosp,quantile,0.975,4169,COVID-19
DE,00+,2022-04-06,2022-03-31,-6 day ahead inc hosp,quantile,0.975,11417.05,COVID-19
DE,00-04,2022-04-06,2022-03-31,-6 day ahead inc hosp,quantile,0.975,448,COVID-19
DE,05-14,2022-04-06,2022-03-31,-6 day ahead inc hosp,quantile,0.975,263,COVID-19
DE,15-34,2022-04-06,2022-03-31,-6 day ahead inc hosp,quantile,0.975,1197,COVID-19
DE,35-59,2022-04-06,2022-03-31,-6 day ahead inc hosp,quantile,0.975,1946,COVID-19
DE,60-79,2022-04-06,2022-03-31,-6 day ahead inc hosp,quantile,0.975,3489,COVID-19
DE,80+,2022-04-06,2022-03-31,-6 day ahead inc hosp,quantile,0.975,4127,COVID-19
DE,00+,2022-04-06,2022-04-01,-5 day ahead inc hosp,quantile,0.975,11205.175,COVID-19
DE,00-04,2022-04-06,2022-04-01,-5 day ahead inc hosp,quantile,0.975,448,COVID-19
DE,05-14,2022-04-06,2022-04-01,-5 day ahead inc hosp,quantile,0.975,269.025,COVID-19
DE,15-34,2022-04-06,2022-04-01,-5 day ahead inc hosp,quantile,0.975,1183.025,COVID-19
DE,35-59,2022-04-06,2022-04-01,-5 day ahead inc hosp,quantile,0.975,1886.05,COVID-19
DE,60-79,2022-04-06,2022-04-01,-5 day ahead inc hosp,quantile,0.975,3464.025,COVID-19
DE,80+,2022-04-06,2022-04-01,-5 day ahead inc hosp,quantile,0.975,4073.075,COVID-19
DE,00+,2022-04-06,2022-04-02,-4 day ahead inc hosp,quantile,0.975,10912.075,COVID-19
DE,00-04,2022-04-06,2022-04-02,-4 day ahead inc hosp,quantile,0.975,449.025,COVID-19
DE,05-14,2022-04-06,2022-04-02,-4 day ahead inc hosp,quantile,0.975,279,COVID-19
DE,15-34,2022-04-06,2022-04-02,-4 day ahead inc hosp,quantile,0.975,1189.025,COVID-19
DE,35-59,2022-04-06,2022-04-02,-4 day ahead inc hosp,quantile,0.975,1918,COVID-19
DE,60-79,2022-04-06,2022-04-02,-4 day ahead inc hosp,quantile,0.975,3495.025,COVID-19
DE,80+,2022-04-06,2022-04-02,-4 day ahead inc hosp,quantile,0.975,4103.025,COVID-19
DE,00+,2022-04-06,2022-04-03,-3 day ahead inc hosp,quantile,0.975,11185.025,COVID-19
DE,00-04,2022-04-06,2022-04-03,-3 day ahead inc hosp,quantile,0.975,481.025,COVID-19
DE,05-14,2022-04-06,2022-04-03,-3 day ahead inc hosp,quantile,0.975,288.025,COVID-19
DE,15-34,2022-04-06,2022-04-03,-3 day ahead inc hosp,quantile,0.975,1246,COVID-19
DE,35-59,2022-04-06,2022-04-03,-3 day ahead inc hosp,quantile,0.975,2027.025,COVID-19
DE,60-79,2022-04-06,2022-04-03,-3 day ahead inc hosp,quantile,0.975,3612.025,COVID-19
DE,80+,2022-04-06,2022-04-03,-3 day ahead inc hosp,quantile,0.975,4238.025,COVID-19
DE,00+,2022-04-06,2022-04-04,-2 day ahead inc hosp,quantile,0.975,11587.1,COVID-19
DE,00-04,2022-04-06,2022-04-04,-2 day ahead inc hosp,quantile,0.975,509,COVID-19
DE,05-14,2022-04-06,2022-04-04,-2 day ahead inc hosp,quantile,0.975,306,COVID-19
DE,15-34,2022-04-06,2022-04-04,-2 day ahead inc hosp,quantile,0.975,1259,COVID-19
DE,35-59,2022-04-06,2022-04-04,-2 day ahead inc hosp,quantile,0.975,2099.025,COVID-19
DE,60-79,2022-04-06,2022-04-04,-2 day ahead inc hosp,quantile,0.975,3777.1,COVID-19
DE,80+,2022-04-06,2022-04-04,-2 day ahead inc hosp,quantile,0.975,4360,COVID-19
DE,00+,2022-04-06,2022-04-05,-1 day ahead inc hosp,quantile,0.975,12574.65,COVID-19
DE,00-04,2022-04-06,2022-04-05,-1 day ahead inc hosp,quantile,0.975,531.025,COVID-19
DE,05-14,2022-04-06,2022-04-05,-1 day ahead inc hosp,quantile,0.975,320,COVID-19
DE,15-34,2022-04-06,2022-04-05,-1 day ahead inc hosp,quantile,0.975,1270.1,COVID-19
DE,35-59,2022-04-06,2022-04-05,-1 day ahead inc hosp,quantile,0.975,2071.05,COVID-19
DE,60-79,2022-04-06,2022-04-05,-1 day ahead inc hosp,quantile,0.975,3785.15,COVID-19
DE,80+,2022-04-06,2022-04-05,-1 day ahead inc hosp,quantile,0.975,4410,COVID-19
DE,00+,2022-04-06,2022-04-06,0 day ahead inc hosp,quantile,0.975,12569.35,COVID-19
DE,00-04,2022-04-06,2022-04-06,0 day ahead inc hosp,quantile,0.975,512.025,COVID-19
DE,05-14,2022-04-06,2022-04-06,0 day ahead inc hosp,quantile,0.975,321.25,COVID-19
DE,15-34,2022-04-06,2022-04-06,0 day ahead inc hosp,quantile,0.975,1285,COVID-19
DE,35-59,2022-04-06,2022-04-06,0 day ahead inc hosp,quantile,0.975,2095,COVID-19
DE,60-79,2022-04-06,2022-04-06,0 day ahead inc hosp,quantile,0.975,3733.125,COVID-19
DE,80+,2022-04-06,2022-04-06,0 day ahead inc hosp,quantile,0.975,4340,COVID-19
DE,00+,2022-04-06,2022-03-09,-28 day ahead inc hosp,mean,,9758.3855,COVID-19
DE,00-04,2022-04-06,2022-03-09,-28 day ahead inc hosp,mean,,388.5265,COVID-19
DE,05-14,2022-04-06,2022-03-09,-28 day ahead inc hosp,mean,,265.101,COVID-19
DE,15-34,2022-04-06,2022-03-09,-28 day ahead inc hosp,mean,,1190.444,COVID-19
DE,35-59,2022-04-06,2022-03-09,-28 day ahead inc hosp,mean,,1740.552,COVID-19
DE,60-79,2022-04-06,2022-03-09,-28 day ahead inc hosp,mean,,2834.2945,COVID-19
DE,80+,2022-04-06,2022-03-09,-28 day ahead inc hosp,mean,,3331.006,COVID-19
DE,00+,2022-04-06,2022-03-10,-27 day ahead inc hosp,mean,,9966.108,COVID-19
DE,00-04,2022-04-06,2022-03-10,-27 day ahead inc hosp,mean,,380.0905,COVID-19
DE,05-14,2022-04-06,2022-03-10,-27 day ahead inc hosp,mean,,273.35,COVID-19
DE,15-34,2022-04-06,2022-03-10,-27 day ahead inc hosp,mean,,1188.7585,COVID-19
DE,35-59,2022-04-06,2022-03-10,-27 day ahead inc hosp,mean,,1768.986,COVID-19
DE,60-79,2022-04-06,2022-03-10,-27 day ahead inc hosp,mean,,2916.8645,COVID-19
DE,80+,2022-04-06,2022-03-10,-27 day ahead inc hosp,mean,,3432.284,COVID-19
DE,00+,2022-04-06,2022-03-11,-26 day ahead inc hosp,mean,,10235.184,COVID-19
DE,00-04,2022-04-06,2022-03-11,-26 day ahead inc hosp,mean,,395.9735,COVID-19
DE,05-14,2022-04-06,2022-03-11,-26 day ahead inc hosp,mean,,267.441,COVID-19
DE,15-34,2022-04-06,2022-03-11,-26 day ahead inc hosp,mean,,1219.971,COVID-19
DE,35-59,2022-04-06,2022-03-11,-26 day ahead inc hosp,mean,,1822.124,COVID-19
DE,60-79,2022-04-06,2022-03-11,-26 day ahead inc hosp,mean,,2952.315,COVID-19
DE,80+,2022-04-06,2022-03-11,-26 day ahead inc hosp,mean,,3566.429,COVID-19
DE,00+,2022-04-06,2022-03-12,-25 day ahead inc hosp,mean,,10490.3145,COVID-19
DE,00-04,2022-04-06,2022-03-12,-25 day ahead inc hosp,mean,,419.634,COVID-19
DE,05-14,2022-04-06,2022-03-12,-25 day ahead inc hosp,mean,,268.687,COVID-19
DE,15-34,2022-04-06,2022-03-12,-25 day ahead inc hosp,mean,,1217.1245,COVID-19
DE,35-59,2022-04-06,2022-03-12,-25 day ahead inc hosp,mean,,1822.3435,COVID-19
DE,60-79,2022-04-06,2022-03-12,-25 day ahead inc hosp,mean,,3033.1715,COVID-19
DE,80+,2022-04-06,2022-03-12,-25 day ahead inc hosp,mean,,3717.3885,COVID-19
DE,00+,2022-04-06,2022-03-13,-24 day ahead inc hosp,mean,,10643.7045,COVID-19
DE,00-04,2022-04-06,2022-03-13,-24 day ahead inc hosp,mean,,449.2985,COVID-19
DE,05-14,2022-04-06,2022-03-13,-24 day ahead inc hosp,mean,,277.7875,COVID-19
DE,15-34,2022-04-06,2022-03-13,-24 day ahead inc hosp,mean,,1236.1175,COVID-19
DE,35-59,2022-04-06,2022-03-13,-24 day ahead inc hosp,mean,,1822.332,COVID-19
DE,60-79,2022-04-06,2022-03-13,-24 day ahead inc hosp,mean,,3080.487,COVID-19
DE,80+,2022-04-06,2022-03-13,-24 day ahead inc hosp,mean,,3767.7685,COVID-19
DE,00+,2022-04-06,2022-03-14,-23 day ahead inc hosp,mean,,10742.3295,COVID-19
DE,00-04,2022-04-06,2022-03-14,-23 day ahead inc hosp,mean,,445.0245,COVID-19
DE,05-14,2022-04-06,2022-03-14,-23 day ahead inc hosp,mean,,271.0915,COVID-19
DE,15-34,2022-04-06,2022-03-14,-23 day ahead inc hosp,mean,,1243.1995,COVID-19
DE,35-59,2022-04-06,2022-03-14,-23 day ahead inc hosp,mean,,1824.225,COVID-19
DE,60-79,2022-04-06,2022-03-14,-23 day ahead inc hosp,mean,,3123.906,COVID-19
DE,80+,2022-04-06,2022-03-14,-23 day ahead inc hosp,mean,,3832.231,COVID-19
DE,00+,2022-04-06,2022-03-15,-22 day ahead inc hosp,mean,,11176.4985,COVID-19
DE,00-04,2022-04-06,2022-03-15,-22 day ahead inc hosp,mean,,475.738,COVID-19
DE,05-14,2022-04-06,2022-03-15,-22 day ahead inc hosp,mean,,280.5915,COVID-19
DE,15-34,2022-04-06,2022-03-15,-22 day ahead inc hosp,mean,,1278.5815,COVID-19
DE,35-59,2022-04-06,2022-03-15,-22 day ahead inc hosp,mean,,1918.207,COVID-19
DE,60-79,2022-04-06,2022-03-15,-22 day ahead inc hosp,mean,,3280.2875,COVID-19
DE,80+,2022-04-06,2022-03-15,-22 day ahead inc hosp,mean,,3951.307,COVID-19
DE,00+,2022-04-06,2022-03-16,-21 day ahead inc hosp,mean,,11398.915,COVID-19
DE,00-04,2022-04-06,2022-03-16,-21 day ahead inc hosp,mean,,484.2865,COVID-19
DE,05-14,2022-04-06,2022-03-16,-21 day ahead inc hosp,mean,,303.6755,COVID-19
DE,15-34,2022-04-06,2022-03-16,-21 day ahead inc hosp,mean,,1269.792,COVID-19
DE,35-59,2022-04-06,2022-03-16,-21 day ahead inc hosp,mean,,1947.08,COVID-19
DE,60-79,2022-04-06,2022-03-16,-21 day ahead inc hosp,mean,,3347.0455,COVID-19
DE,80+,2022-04-06,2022-03-16,-21 day ahead inc hosp,mean,,4058.421,COVID-19
DE,00+,2022-04-06,2022-03-17,-20 day ahead inc hosp,mean,,11652.8215,COVID-19
DE,00-04,2022-04-06,2022-03-17,-20 day ahead inc hosp,mean,,475.189,COVID-19
DE,05-14,2022-04-06,2022-03-17,-20 day ahead inc hosp,mean,,309.782,COVID-19
DE,15-34,2022-04-06,2022-03-17,-20 day ahead inc hosp,mean,,1270.5845,COVID-19
DE,35-59,2022-04-06,2022-03-17,-20 day ahead inc hosp,mean,,1970.8665,COVID-19
DE,60-79,2022-04-06,2022-03-17,-20 day ahead inc hosp,mean,,3463.873,COVID-19
DE,80+,2022-04-06,2022-03-17,-20 day ahead inc hosp,mean,,4169.2065,COVID-19
DE,00+,2022-04-06,2022-03-18,-19 day ahead inc hosp,mean,,11808.378,COVID-19
DE,00-04,2022-04-06,2022-03-18,-19 day ahead inc hosp,mean,,482.9235,COVID-19
DE,05-14,2022-04-06,2022-03-18,-19 day ahead inc hosp,mean,,306.0655,COVID-19
DE,15-34,2022-04-06,2022-03-18,-19 day ahead inc hosp,mean,,1257.732,COVID-19
DE,35-59,2022-04-06,2022-03-18,-19 day ahead inc hosp,mean,,1944.7725,COVID-19
DE,60-79,2022-04-06,2022-03-18,-19 day ahead inc hosp,mean,,3602.9405,COVID-19
DE,80+,2022-04-06,2022-03-18,-19 day ahead inc hosp,mean,,4219.203,COVID-19
DE,00+,2022-04-06,2022-03-19,-18 day ahead inc hosp,mean,,11901.105,COVID-19
DE,00-04,2022-04-06,2022-03-19,-18 day ahead inc hosp,mean,,478.2515,COVID-19
DE,05-14,2022-04-06,2022-03-19,-18 day ahead inc hosp,mean,,309.545,COVID-19
DE,15-34,2022-04-06,2022-03-19,-18 day ahead inc hosp,mean,,1242.791,COVID-19
DE,35-59,2022-04-06,2022-03-19,-18 day ahead inc hosp,mean,,1980.831,COVID-19
DE,60-79,2022-04-06,2022-03-19,-18 day ahead inc hosp,mean,,3616.3965,COVID-19
DE,80+,2022-04-06,2022-03-19,-18 day ahead inc hosp,mean,,4278.268,COVID-19
DE,00+,2022-04-06,2022-03-20,-17 day ahead inc hosp,mean,,11829.091,COVID-19
DE,00-04,2022-04-06,2022-03-20,-17 day ahead inc hosp,mean,,463.5715,COVID-19
DE,05-14,2022-04-06,2022-03-20,-17 day ahead inc hosp,mean,,311.6715,COVID-19
DE,15-34,2022-04-06,2022-03-20,-17 day ahead inc hosp,mean,,1188.38,COVID-19
DE,35-59,2022-04-06,2022-03-20,-17 day ahead inc hosp,mean,,1966.013,COVID-19
DE,60-79,2022-04-06,2022-03-20,-17 day ahead inc hosp,mean,,3649.1755,COVID-19
DE,80+,2022-04-06,2022-03-20,-17 day ahead inc hosp,mean,,4295.8,COVID-19
DE,00+,2022-04-06,2022-03-21,-16 day ahead inc hosp,mean,,11815.8445,COVID-19
DE,00-04,2022-04-06,2022-03-21,-16 day ahead inc hosp,mean,,467.9085,COVID-19
DE,05-14,2022-04-06,2022-03-21,-16 day ahead inc hosp,mean,,319.5805,COVID-19
DE,15-34,2022-04-06,2022-03-21,-16 day ahead inc hosp,mean,,1175.7635,COVID-19
DE,35-59,2022-04-06,2022-03-21,-16 day ahead inc hosp,mean,,1972.0745,COVID-19
DE,60-79,2022-04-06,2022-03-21,-16 day ahead inc hosp,mean,,3649.311,COVID-19
DE,80+,2022-04-06,2022-03-21,-16 day ahead inc hosp,mean,,4275.4445,COVID-19
DE,00+,2022-04-06,2022-03-22,-15 day ahead inc hosp,mean,,11804.534,COVID-19
DE,00-04,2022-04-06,2022-03-22,-15 day ahead inc hosp,mean,,444.4815,COVID-19
DE,05-14,2022-04-06,2022-03-22,-15 day ahead inc hosp,mean,,296.874,COVID-19
DE,15-34,2022-04-06,2022-03-22,-15 day ahead inc hosp,mean,,1145.771,COVID-19
DE,35-59,2022-04-06,2022-03-22,-15 day ahead inc hosp,mean,,1949.251,COVID-19
DE,60-79,2022-04-06,2022-03-22,-15 day ahead inc hosp,mean,,3645.421,COVID-19
DE,80+,2022-04-06,2022-03-22,-15 day ahead inc hosp,mean,,4328.1855,COVID-19
DE,00+,2022-04-06,2022-03-23,-14 day ahead inc hosp,mean,,11913.3825,COVID-19
DE,00-04,2022-04-06,2022-03-23,-14 day ahead inc hosp,mean,,438.581,COVID-19
DE,05-14,2022-04-06,2022-03-23,-14 day ahead inc hosp,mean,,282.1835,COVID-19
DE,15-34,2022-04-06,2022-03-23,-14 day ahead inc hosp,mean,,1156.6005,COVID-19
DE,35-59,2022-04-06,2022-03-23,-14 day ahead inc hosp,mean,,1987.5775,COVID-19
DE,60-79,2022-04-06,2022-03-23,-14 day ahead inc hosp,mean,,3649.2175,COVID-19
DE,80+,2022-04-06,2022-03-23,-14 day ahead inc hosp,mean,,4404.0325,COVID-19
DE,00+,2022-04-06,2022-03-24,-13 day ahead inc hosp,mean,,11912.344,COVID-19
DE,00-04,2022-04-06,2022-03-24,-13 day ahead inc hosp,mean,,447.5625,COVID-19
DE,05-14,2022-04-06,2022-03-24,-13 day ahead inc hosp,mean,,271.445,COVID-19
DE,15-34,2022-04-06,2022-03-24,-13 day ahead inc hosp,mean,,1168.2565,COVID-19
DE,35-59,2022-04-06,2022-03-24,-13 day ahead inc hosp,mean,,1978.1475,COVID-19
DE,60-79,2022-04-06,2022-03-24,-13 day ahead inc hosp,mean,,3700.34,COVID-19
DE,80+,2022-04-06,2022-03-24,-13 day ahead inc hosp,mean,,4347.298,COVID-19
DE,00+,2022-04-06,2022-03-25,-12 day ahead inc hosp,mean,,11864.5575,COVID-19
DE,00-04,2022-04-06,2022-03-25,-12 day ahead inc hosp,mean,,456.0315,COVID-19
DE,05-14,2022-04-06,2022-03-25,-12 day ahead inc hosp,mean,,273.383,COVID-19
DE,15-34,2022-04-06,2022-03-25,-12 day ahead inc hosp,mean,,1180.877,COVID-19
DE,35-59,2022-04-06,2022-03-25,-12 day ahead inc hosp,mean,,2015.6285,COVID-19
DE,60-79,2022-04-06,2022-03-25,-12 day ahead inc hosp,mean,,3632.566,COVID-19
DE,80+,2022-04-06,2022-03-25,-12 day ahead inc hosp,mean,,4269.709,COVID-19
DE,00+,2022-04-06,2022-03-26,-11 day ahead inc hosp,mean,,11847.996,COVID-19
DE,00-04,2022-04-06,2022-03-26,-11 day ahead inc hosp,mean,,457.24,COVID-19
DE,05-14,2022-04-06,2022-03-26,-11 day ahead inc hosp,mean,,266.9085,COVID-19
DE,15-34,2022-04-06,2022-03-26,-11 day ahead inc hosp,mean,,1191.687,COVID-19
DE,35-59,2022-04-06,2022-03-26,-11 day ahead inc hosp,mean,,1992.424,COVID-19
DE,60-79,2022-04-06,2022-03-26,-11 day ahead inc hosp,mean,,3639.143,COVID-19
DE,80+,2022-04-06,2022-03-26,-11 day ahead inc hosp,mean,,4210.3625,COVID-19
DE,00+,2022-04-06,2022-03-27,-10 day ahead inc hosp,mean,,11819.712,COVID-19
DE,00-04,2022-04-06,2022-03-27,-10 day ahead inc hosp,mean,,440.7465,COVID-19
DE,05-14,2022-04-06,2022-03-27,-10 day ahead inc hosp,mean,,257.287,COVID-19
DE,15-34,2022-04-06,2022-03-27,-10 day ahead inc hosp,mean,,1218.7975,COVID-19
DE,35-59,2022-04-06,2022-03-27,-10 day ahead inc hosp,mean,,1987.689,COVID-19
DE,60-79,2022-04-06,2022-03-27,-10 day ahead inc hosp,mean,,3621.4555,COVID-19
DE,80+,2022-04-06,2022-03-27,-10 day ahead inc hosp,mean,,4193.232,COVID-19
DE,00+,2022-04-06,2022-03-28,-9 day ahead inc hosp,mean,,11767.646,COVID-19
DE,00-04,2022-04-06,2022-03-28,-9 day ahead inc hosp,mean,,429.605,COVID-19
DE,05-14,2022-04-06,2022-03-28,-9 day ahead inc hosp,mean,,250.3265,COVID-19
DE,15-34,2022-04-06,2022-03-28,-9 day ahead inc hosp,mean,,1223.877,COVID-19
DE,35-59,2022-04-06,2022-03-28,-9 day ahead inc hosp,mean,,1977.8795,COVID-19
DE,60-79,2022-04-06,2022-03-28,-9 day ahead inc hosp,mean,,3603.882,COVID-19
DE,80+,2022-04-06,2022-03-28,-9 day ahead inc hosp,mean,,4187.8455,COVID-19
DE,00+,2022-04-06,2022-03-29,-8 day ahead inc hosp,mean,,11671.8575,COVID-19
DE,00-04,2022-04-06,2022-03-29,-8 day ahead inc hosp,mean,,431.808,COVID-19
DE,05-14,2022-04-06,2022-03-29,-8 day ahead inc hosp,mean,,250.5845,COVID-19
DE,15-34,2022-04-06,2022-03-29,-8 day ahead inc hosp,mean,,1211.6745,COVID-19
DE,35-59,2022-04-06,2022-03-29,-8 day ahead inc hosp,mean,,1962.361,COVID-19
DE,60-79,2022-04-06,2022-03-29,-8 day ahead inc hosp,mean,,3554.5945,COVID-19
DE,80+,2022-04-06,2022-03-29,-8 day ahead inc hosp,mean,,4144.4945,COVID-19
DE,00+,2022-04-06,2022-03-30,-7 day ahead inc hosp,mean,,11357.1225,COVID-19
DE,00-04,2022-04-06,2022-03-30,-7 day ahead inc hosp,mean,,429.871,COVID-19
DE,05-14,2022-04-06,2022-03-30,-7 day ahead inc hosp,mean,,248.8,COVID-19
DE,15-34,2022-04-06,2022-03-30,-7 day ahead inc hosp,mean,,1167.76,COVID-19
DE,35-59,2022-04-06,2022-03-30,-7 day ahead inc hosp,mean,,1889.65,COVID-19
DE,60-79,2022-04-06,2022-03-30,-7 day ahead inc hosp,mean,,3503.35,COVID-19
DE,80+,2022-04-06,2022-03-30,-7 day ahead inc hosp,mean,,4029.2095,COVID-19
DE,00+,2022-04-06,2022-03-31,-6 day ahead inc hosp,mean,,11028.3685,COVID-19
DE,00-04,2022-04-06,2022-03-31,-6 day ahead inc hosp,mean,,422.337,COVID-19
DE,05-14,2022-04-06,2022-03-31,-6 day ahead inc hosp,mean,,243.951,COVID-19
DE,15-34,2022-04-06,2022-03-31,-6 day ahead inc hosp,mean,,1139.1475,COVID-19
DE,35-59,2022-04-06,2022-03-31,-6 day ahead inc hosp,mean,,1855.7,COVID-19
DE,60-79,2022-04-06,2022-03-31,-6 day ahead inc hosp,mean,,3340.05,COVID-19
DE,80+,2022-04-06,2022-03-31,-6 day ahead inc hosp,mean,,3956.526,COVID-19
DE,00+,2022-04-06,2022-04-01,-5 day ahead inc hosp,mean,,10741.596,COVID-19
DE,00-04,2022-04-06,2022-04-01,-5 day ahead inc hosp,mean,,419.8995,COVID-19
DE,05-14,2022-04-06,2022-04-01,-5 day ahead inc hosp,mean,,247.717,COVID-19
DE,15-34,2022-04-06,2022-04-01,-5 day ahead inc hosp,mean,,1116.3985,COVID-19
DE,35-59,2022-04-06,2022-04-01,-5 day ahead inc hosp,mean,,1789.938,COVID-19
DE,60-79,2022-04-06,2022-04-01,-5 day ahead inc hosp,mean,,3290.877,COVID-19
DE,80+,2022-04-06,2022-04-01,-5 day ahead inc hosp,mean,,3876.8845,COVID-19
DE,00+,2022-04-06,2022-04-02,-4 day ahead inc hosp,mean,,10367.5755,COVID-19
DE,00-04,2022-04-06,2022-04-02,-4 day ahead inc hosp,mean,,415.5385,COVID-19
DE,05-14,2022-04-06,2022-04-02,-4 day ahead inc hosp,mean,,250.8185,COVID-19
DE,15-34,2022-04-06,2022-04-02,-4 day ahead inc hosp,mean,,1097.91,COVID-19
DE,35-59,2022-04-06,2022-04-02,-4 day ahead inc hosp,mean,,1780.8295,COVID-19
DE,60-79,2022-04-06,2022-04-02,-4 day ahead inc hosp,mean,,3261.757,COVID-19
DE,80+,2022-04-06,2022-04-02,-4 day ahead inc hosp,mean,,3831.4025,COVID-19
DE,00+,2022-04-06,2022-04-03,-3 day ahead inc hosp,mean,,10485.7505,COVID-19
DE,00-04,2022-04-06,2022-04-03,-3 day ahead inc hosp,mean,,438.2045,COVID-19
DE,05-14,2022-04-06,2022-04-03,-3 day ahead inc hosp,mean,,255.782,COVID-19
DE,15-34,2022-04-06,2022-04-03,-3 day ahead inc hosp,mean,,1131.646,COVID-19
DE,35-59,2022-04-06,2022-04-03,-3 day ahead inc hosp,mean,,1855.3725,COVID-19
DE,60-79,2022-04-06,2022-04-03,-3 day ahead inc hosp,mean,,3313.161,COVID-19
DE,80+,2022-04-06,2022-04-03,-3 day ahead inc hosp,mean,,3895.751,COVID-19
DE,00+,2022-04-06,2022-04-04,-2 day ahead inc hosp,mean,,10725.16,COVID-19
DE,00-04,2022-04-06,2022-04-04,-2 day ahead inc hosp,mean,,456.107,COVID-19
DE,05-14,2022-04-06,2022-04-04,-2 day ahead inc hosp,mean,,265.498,COVID-19
DE,15-34,2022-04-06,2022-04-04,-2 day ahead inc hosp,mean,,1125.632,COVID-19
DE,35-59,2022-04-06,2022-04-04,-2 day ahead inc hosp,mean,,1889.685,COVID-19
DE,60-79,2022-04-06,2022-04-04,-2 day ahead inc hosp,mean,,3395.077,COVID-19
DE,80+,2022-04-06,2022-04-04,-2 day ahead inc hosp,mean,,3947.454,COVID-19
DE,00+,2022-04-06,2022-04-05,-1 day ahead inc hosp,mean,,11133.051,COVID-19
DE,00-04,2022-04-06,2022-04-05,-1 day ahead inc hosp,mean,,457.0155,COVID-19
DE,05-14,2022-04-06,2022-04-05,-1 day ahead inc hosp,mean,,267.947,COVID-19
DE,15-34,2022-04-06,2022-04-05,-1 day ahead inc hosp,mean,,1096.9825,COVID-19
DE,35-59,2022-04-06,2022-04-05,-1 day ahead inc hosp,mean,,1796.983,COVID-19
DE,60-79,2022-04-06,2022-04-05,-1 day ahead inc hosp,mean,,3265.712,COVID-19
DE,80+,2022-04-06,2022-04-05,-1 day ahead inc hosp,mean,,3803.97,COVID-19
DE,00+,2022-04-06,2022-04-06,0 day ahead inc hosp,mean,,10566.8015,COVID-19
DE,00-04,2022-04-06,2022-04-06,0 day ahead inc hosp,mean,,424.7845,COVID-19
DE,05-14,2022-04-06,2022-04-06,0 day ahead inc hosp,mean,,261.7405,COVID-19
DE,15-34,2022-04-06,2022-04-06,0 day ahead inc hosp,mean,,1042.979,COVID-19
DE,35-59,2022-04-06,2022-04-06,0 day ahead inc hosp,mean,,1702.29,COVID-19
DE,60-79,2022-04-06,2022-04-06,0 day ahead inc hosp,mean,,3046.7025,COVID-19
DE,80+,2022-04-06,2022-04-06,0 day ahead inc hosp,mean,,3537.6705,COVID-19
